2.391938756006841, 0.7880245576369889, 
1.2591055461492675  0.42349025307099425  -0.1244666107038925
1.3801713368108863, 3.4623267007577785, 
-0.3791877536818269  0.2164898841218559  -1.2594278299516606
5.8858536167354325, 0.20188262105209615, 
-0.8116629915207247  0.18368586497701866  1.2171868498502652
3.197271629599154, 2.2752653558009017, 
-0.21591099152896223  -0.1060653886988607  1.46582093439057
5.297098647933482, 1.3224366897571853, 
0.5910507575756221  0.2422132371336329  -1.289809968106189
3.1994016509395498, 2.801127242452631, 
-0.890031673526572  0.31208322391098253  -1.0481967877102485
6.007403810209129, 3.724408392558418, 
-1.1279353820757758  -0.14889804370832876  0.9536583780800207
0.9152060951741429, 5.229796776429377, 
0.2844702751828622  -0.043535852108224554  1.240546414971337
3.4407084291260084, 2.380638850197903, 
0.031027750872483467  -0.016343394680701173  1.4991879363014158
3.0038007153255744, 4.838673093217507, 
-1.1262404845713834  -0.013438700399167771  0.9904748654913924
5.252487637118003, 3.7245510673659767, 
1.3699640071292913  0.20648364243920778  0.49069183296633256
2.4759533772091875, 2.720139568804093, 
0.20047045024137394  -0.06069125888899605  -1.3868049385883514
5.877084693089769, 2.430815629356269, 
-0.29569269586890057  0.160705274633653  1.331275105617292
4.336976256838077, 1.8813757459776743, 
0.60335585061428  -0.02742283797037584  1.3724790231720676
4.5637856243232635, 0.031124816034244652, 
-1.0358422824525297  0.37577205883550696  -0.8047370591037659
1.071897235754083, 1.5037756855408795, 
-0.8632084613369686  -0.15609296104204187  1.1949909941524712
2.523523760037006, 3.5395120029385825, 
-1.2460231549453809  -0.38166897916220555  0.4339903170488283
4.026206320520966, 3.720033299231853, 
0.13478775461367357  0.032453699266173044  -1.4478505305708658
4.3435037054982235, 0.3811195811947789, 
-1.4293863495402916  -0.2386855005736204  -0.16875489964089796
5.828414114320747, 4.855453297574844, 
-0.8096646232365853  0.4421498616122782  -0.6401923712156223
0.13234286162771972, 1.7368928069073675, 
0.44261026744022164  0.20511278160873211  -1.3653099055233062
1.8988651035497446, 1.1995122796065412, 
-0.33643523791439356  0.10350967876046097  1.154593565807048
0.6769031485313872, 2.9432494505778406, 
0.30557544253425506  -0.023393935334632816  1.467980673548524
5.8813026906141985, 3.2453767515066514, 
0.1891059572632821  0.0736062187158557  -1.4809109663460995
4.684041351350463, 0.18309054171303873, 
0.6322211041504001  0.35233976432776426  -0.45417412796649187
1.6876639061192358, 3.6404005328344877, 
1.1937261766072256  0.12979653998113796  0.8795247745388335
4.945971762073906, 3.2133887055814494, 
0.008017871474472298  0.00292152832254835  1.4998348945673516
2.6120480187905315, 2.7410526642575617, 
0.23396166271880756  -0.09305656501889888  1.4700323033190155
3.608654008699937, 4.294940894653299, 
-0.275113564874591  0.13162648657793122  -1.4467172776343213
6.2662981207570265, 2.45777707301094, 
-0.5065640929964383  -0.07336975698631693  1.4059582616988646
2.0102307551698497, 3.290744676398767, 
0.8621269684022196  0.3381667722640513  -1.028741310250094
0.08517649814495572, 0.026605154115828228, 
-0.4966621512417417  -0.2391560102890807  -0.8023967504063567
1.2423751528080074, 1.9746960592142369, 
0.2857381656587189  0.07180800260814216  1.4667178618829206
4.073909244941077, 2.3487666632001174, 
0.08065380175615508  0.016219203448302317  1.4811729331847894
0.8927198506049379, 1.5436216841913557, 
-0.2633376014860464  -0.0030902580471560614  1.27513360945607
0.8115936723055629, 1.4289303628560237, 
0.4844973021326289  0.27042251087961405  1.0274087968099481
3.8468942649699875, 1.1973471180252593, 
-0.20563789431140483  0.11815000912666392  1.4365984826148104
0.13543585771351585, 3.809953051171595, 
0.005421858721441635  -0.002850218583831869  1.4999429226789815
5.183563908707701, 3.5054775241060105, 
-0.04126212141567731  -9.581067570848844E-4  1.4948863501860454
3.69630850708615, 1.1276920393835017, 
0.07807397085782435  0.03774127522825999  -1.4957028523062434
1.3153325025926463, 2.4344440124012086, 
0.559368650274822  -0.25030995160520586  -1.2900921975849338
0.5716677765210952, 2.9580946663037357, 
1.443310954670388  -0.1505735012469739  -0.31258186836123625
0.5504928079394826, 0.5942001400980176, 
0.4297726084903922  0.19832176100870497  -1.000230392434776
1.0289558470524856, 3.372156227198266, 
0.6040498923609332  0.31441857527572903  -0.3012367774373911
5.255041599477749, 3.303782410512397, 
-0.9966733313378624  -0.01872485328854776  -1.1205310584756487
4.0060770540940345, 5.512551481652353, 
-1.3143918784884026  0.32859829990143075  -0.40600886297873945
0.1970198747680299, 1.477604687270524, 
-0.9032494043648256  -0.41600265968882955  0.8110691033437494
2.791447141226514, 3.8818666388769576, 
-0.9896317764071475  -0.46964261859594514  -0.4959646274454923
2.0755951323264927, 0.8874407658039007, 
0.0984889755992125  -0.005445588631566549  1.470702755463966
3.0100198265410443, 1.5323466661969007, 
0.47762462560484703  0.08857745512015947  -0.5184278756779477
0.6134240972910168, 6.129408059273871, 
0.5789335670587545  0.32424600342481324  1.1023112854825148
3.459750178486377, 2.687788988148851, 
0.293571739358544  -0.08237034334530205  1.240218677207459
0.15275373577671203, 1.1429440752187585, 
1.0547579912488902  -0.2555419774694526  0.9605322526982307
5.0110860839757025, 4.580422608702644, 
-0.5109669482036432  -0.10633862725293926  0.06592425823785546
1.5585755399354488, 1.1154976418301363, 
-0.01418633621276731  -0.007134858536905609  -1.4995836541592502
1.2555397252240732, 1.2900367695745345, 
0.10653289671138895  0.0609913781919438  -1.4867004739007106
4.563993017139886, 0.8500355690577512, 
0.5955877045578682  -0.3304212322028007  0.6411511902920359
0.4079669396828708, 1.377048431682855, 
-0.2573268782284664  -0.07161992535430975  1.4718568881419662
5.449602265495139, 4.3848278469973625, 
-0.6599709555936591  0.36555919390006403  0.982126438198784
3.8742734803152206, 6.1233255161143125, 
0.6201538324186997  -0.3578158614484843  -0.8753790566776833
4.218596800843324, 1.783317359255764, 
0.3323532543863951  -0.14566385452142463  -1.4314228007287755
0.4139521856263959, 3.5795336264277386, 
0.4810585552919092  0.23000799182597065  -0.8560209070739982
5.584178363743913, 5.626905478981332, 
0.6517825597386534  0.3419172675267692  -1.0891769804290021
4.981730126265351, 3.772636766419025, 
0.05855110055944954  0.02943852244858972  -1.4928891664242527
5.939833628104018, 3.7036836710870173, 
-0.7313827282253136  -0.39010665184382043  -0.9224661319987462
3.2573896122116115, 3.7679093689819214, 
1.2490705716181796  -0.38505177296042864  0.4129961082187429
4.036134914929236, 0.11619918830330715, 
-0.38663979326240483  -0.22237051782450457  -1.3050718538645512
3.7356407431648595, 5.32846442444728, 
0.3578615847397703  0.052157214042205115  1.0593242286123563
5.543475181032907, 4.442881523688255, 
-0.5211006717282238  -0.19603382548532358  -0.4284907184910818
4.978033198417261, 2.1409870806218154, 
-1.1927198361119442  0.0878625767946417  0.896699407635622
5.81732125822889, 6.087731402642233, 
1.120829282484025  0.37875709460528106  0.6880727368484434
1.3589675323733148, 5.9436031578155735, 
0.4412319543602674  0.2111578565932392  1.3586624037029527
5.868397774717297, 3.939606252623483, 
-0.997579809676252  -0.497063447538574  -0.16200470332246425
1.4122064188583627, 0.2502394263590209, 
-0.8853647934238726  -0.4518272729848871  0.6398335323345501
5.01367838190488, 5.9535927374657085, 
1.0236630991055535  -0.26305403439703057  0.9857123651560962
3.0391633109208414, 0.9631478251015873, 
0.4651820927907459  -0.10676805772411015  0.6387369636003898
3.219452028751358, 2.8023527433864066, 
0.4528595469077485  -0.21603108007464572  -1.3515503537611409
3.3579276044402797, 2.6122056734012644, 
-0.7812856400201278  0.4489411331920775  0.1996197139561834
3.736228697755038, 2.997529491465901, 
-0.34901732899679194  0.09587869609115277  -1.1135310602772908
3.1622650272198136, 5.220629991408658, 
-0.49053149084826003  0.11202503871983358  0.44783625623171913
1.9128609023538488, 4.823802068704958, 
-0.4002139042491305  -0.15574085150591077  -1.4125132115919596
5.229738857746495, 4.20827372389651, 
-0.4235595363778896  0.1224391152757077  -1.4209661553956636
4.196723981885005, 1.9104530600237017, 
0.4034791542844889  0.21123539580759992  1.1381369335690803
1.00570796543737, 3.243658673904389, 
-0.22195263248875274  0.029691044795935612  -1.3470858343378134
3.5170694372051265, 1.4555936905581361, 
-0.3804811251808328  -0.15477861035759963  1.417374313374145
4.592608396961332, 4.712543833574713, 
-0.36560664632647477  0.20915179530702296  1.2809101460648973
2.1822823212391484, 4.273058548498769, 
0.3224303846654203  0.18605229725726857  -1.3491515950414863
6.049159840118355, 3.156663839507858, 
0.798506467860815  0.4475476706799556  0.524264351208082
5.346567878600203, 4.216929092730956, 
-0.5007833829440397  0.07981547941241406  -1.406892714234469
0.3182781513784837, 2.3238837911199277, 
0.3255921941903725  0.04054596420630897  -1.1449108077700991
3.9201646539942367, 3.277588334315545, 
-0.26316644979463755  0.10827096711477906  1.3208064543034446
4.6290376686274355, 2.643587555624927, 
-0.1806137920930388  0.10414466185864397  -1.4535643575385986
5.0670936956063, 2.51489396247949, 
0.21333585073280048  0.061786247794006266  1.4803304400921748
3.9215728487402433, 1.7596943264400557, 
-1.258958157587984  -0.17460010120865782  0.7555469674049067
0.35924447622953676, 5.963075536861096, 
-0.12428332559602372  -0.010300360433935809  -1.4532519001468118
4.175637710834749, 2.0590104092961408, 
-0.5677108554542774  -0.2536129909165772  -0.12168381081250468
1.9874350544026955, 0.8145382450051953, 
1.281420059828804  0.3340152120722994  -0.48493207071731054
4.386413031817426, 1.8538662605472345, 
0.9975608259806725  -0.22996375487155626  1.0404107820579145
2.540729360044213, 4.42425035324925, 
0.41241594071188004  -0.16333460596110963  0.9922484870805941
1.0948372798107968, 4.997449359174509, 
-0.35128874230157686  -0.044691324531577745  -1.0758675197442908
