0.831786162873255  0.0  0.5550961891893936
0.857551550678954  0.0  -0.5143980345297999
0.46571473466547136  0.0  -0.8849349049028803
-0.3445999137623619  0.0  0.9387496468361374
-0.2770550829980279  0.0  0.960854037294404
-0.027578997343214298  0.0  -0.9996196271110042
-0.6443197333576651  0.0  -0.7647562233848818
-0.1691608885987269  0.0  -0.9855884505048186
-0.16117183909858293  0.0  -0.9869263590975673
-0.37582180236376683  0.0  0.9266919514423603
-0.8240618528557399  0.0  -0.5664998346583738
0.07407542916281835  0.0  0.9972526414075544
0.8997632605622533  0.0  0.4363783621381594
0.20644274436702287  0.0  -0.978458682468612
0.6171018681537735  0.0  0.7868832723607249
0.3410435633696582  0.0  0.9400474923556394
0.9969861148626313  0.0  -0.07758019574038297
0.9982722254863611  0.0  0.05875852127570977
-0.7063414973655866  0.0  0.7078712376550844
-0.37080443327210644  0.0  -0.9287109734819289
0.7271938840173843  0.0  0.6864321197669228
-0.7026535952332895  0.0  0.7115320970312812
0.6189538381399355  0.0  -0.78542736535713
-0.057472460309248755  0.0  0.9983470921007392
0.9605403954842232  0.0  -0.278140519599378
0.35812650666413115  0.0  0.9336730719178667
0.21828554142779172  0.0  -0.9758849432200375
-0.9748611798568334  0.0  0.22281310555742195
-0.4277867825396232  0.0  -0.9038796759991881
-0.9353227996945588  0.0  -0.35379550643208035
0.9212743640763289  0.0  0.3889132886592535
-0.4784995386078001  0.0  -0.8780878040105798
0.9266631858687533  0.0  0.3758927239992447
-0.41934212044636526  0.0  0.9078282800285229
-0.5431470552746296  0.0  -0.8396375863112004
0.9130879488502829  0.0  0.4077626732112483
0.9194448624722578  0.0  0.3932189528409979
-0.8532504021224507  0.0  -0.5215014393823628
-0.5720851979342542  0.0  0.8201942003602106
-0.2316831618417248  0.0  -0.9727912995699649
-0.38283214081082173  0.0  -0.9238179214337657
0.9672441776250349  0.0  -0.2538477907141798
-0.2888097856664806  0.0  -0.957386498600895
0.5300673770839748  0.0  0.8479555269890723
-0.023774859499268615  0.0  0.9997173380790142
-0.6455316877334063  0.0  0.7637334876329962
0.9219283521706992  0.0  -0.38736044385535706
0.941723618407453  0.0  -0.3363876135257864
0.6773736037682773  0.0  0.7356391784822074
0.3458425894995182  0.0  0.9382925467508882
0.9014536247752839  0.0  -0.4328756892913965
0.9903634716639081  0.0  -0.13849257739608795
-0.7378251048214836  0.0  -0.6749919367630748
0.4335118436943599  0.0  0.9011478687633439
-0.8689136014268185  0.0  -0.49496378984272793
-0.5927709511998706  0.0  -0.805371094225265
-0.976036404418038  0.0  0.21760730054551988
0.8223986744722876  0.0  0.5689116102051568
-0.5022946709981321  0.0  0.8646965152508008
0.4669438397827884  0.0  0.8842869729272876
-0.1861559016288711  0.0  0.9825202187684191
-0.3953083298775276  0.0  0.9185484877399994
-0.9151957332341635  0.0  0.40300963992190303
-0.9817812970660112  0.0  0.19001443295544818
0.16617864413457079  0.0  -0.986095663834699
0.22463686922076986  0.0  -0.9744425467859513
-0.6202325012282247  0.0  0.7844180291274419
-0.6760369940238452  0.0  -0.7368676833130922
-0.7501329051872442  0.0  -0.6612870969218627
0.8994269577003089  0.0  -0.43707110149490175
-0.9166944303763629  0.0  0.3995889404337359
0.07480355214127649  0.0  -0.9971982895026683
-0.3194671873216418  0.0  0.9475973386543459
-0.9387878144730161  0.0  -0.34449592072617913
-0.859513018425731  0.0  -0.5111138534188728
-0.13485283283842128  0.0  -0.9908656384573303
-0.7612191305812596  0.0  0.6484947457282222
0.22359364386592873  0.0  -0.9746824520954279
-0.1548634326208545  0.0  -0.987935887209735
0.6723755758314003  0.0  0.7402101627412264
0.9310113282090183  0.0  -0.36499028308501535
-0.8920905101787666  0.0  -0.45185674903556317
0.11112501110901675  0.0  0.9938064358344743
-0.9854017118752214  0.0  -0.17024531192776826
0.9891067608247882  0.0  0.14719991742761046
-0.40452173647971235  0.0  0.9145283837669765
-0.9266916842511957  0.0  -0.37582246119635027
-0.41380150834658114  0.0  -0.910367130167876
-0.5323564600057057  0.0  -0.846520288882785
-0.523219234719965  0.0  -0.8521981180565082
0.6708890707479458  0.0  -0.7415577217930901
-0.9263712485047789  0.0  0.3766116168464497
-0.9929178021952008  0.0  -0.11880335889128844
-0.9947249287762957  0.0  0.10257834113980153
0.06027230942133842  0.0  0.9981819717451416
-0.9423635145683197  0.0  0.3345908044319872
-0.2366804859318371  0.0  0.9715875398434612
-0.6284778073771419  0.0  -0.7778275166349029
0.8577228629538503  0.0  -0.5141123324393714
0.43690406758292005  0.0  -0.8995081076507867
