0.9432314521493831  -0.23315472122456785  -1.2241638645305493
-0.127931373209592  0.02634031374817167  -2.9969001686187964
0.624712816468084  -0.07361535259802404  -2.353024421048886
1.491331505412869  -0.2931681001342738  -2.5499425079688303
1.7814766986374349  0.27631492440950334  -2.3640458981014447
-0.38534372388278354  -0.08073324580498324  2.7791424101440834
-0.17219009829043838  -0.08438462363245623  2.9682342785672486
0.9681591792181596  -0.11460162955464001  -0.8264732355968865
1.6832822755510857  0.9095941797707704  1.1427869090212497
2.2757671568745983  -0.713924662766458  -1.4230228105547993
1.0358954136629417  -0.5178500287943487  1.513848422918393
-2.1229527505273533  0.046059302577313305  2.118183831521673
-0.7630366558435923  0.3034462464155902  2.8378583169686245
0.04702611556030625  -0.02593200467544218  2.9989298843666496
1.1764752633638405  0.624115499519856  -1.0311875389379308
-2.9111210989397636  0.40666893083557293  -0.11946030078137217
-2.8189439118068504  0.3142790214562529  0.8669551540980853
0.9272710269782678  0.24120019463581288  2.8188398236740495
0.41186401681590107  -0.13755351869494115  -2.7667894549861805
0.7746839742663664  -0.19831162641055394  1.991388995607609
-1.7405295399280183  -0.9262856058310285  -1.0607607708420588
2.4956436928055745  -0.6112820616630517  -1.240820023182754
-2.677801976563374  -0.5622645662498891  -0.9020556194450439
2.1233156190820317  0.7549134386675159  1.5414936762134186
-1.4503476997725528  0.4439724613575926  2.49154375874937
0.05527745786233468  -0.0015233593607290631  -2.9994895287100176
-0.1553777718566864  0.06245751447361444  -2.9701301440912067
0.2844482586149815  0.16392083636812219  -2.9421635334570246
-0.13925392634125836  0.0078353768937945  -2.97086326056936
-0.8478554104421168  0.34674854728129173  2.7921393285487404
0.7937869416979724  -0.2623907879237167  2.849994650136196
-1.5713300171405877  0.9025904149670649  -0.30626465504355915
0.31449001569722035  -0.16685592563290458  -2.9039609280504646
-0.3868719102647542  -0.1988225211421469  -2.8455988657261067
0.7948639386222635  -0.3740754825995963  -2.1901560858481757
-1.2266708010956167  -0.6661509034818808  -2.202536794581176
-0.16992043986629102  0.01282729081365605  -2.995100861404772
0.8322935787239729  -0.17318872310676758  -1.7440738174109782
0.58305843651556  0.19104887539275753  2.9205011056069217
-1.3900665116966346  0.045286250345811664  -2.6573582274450516
-1.5640180112157194  -0.5423232143551481  2.339860378589158
2.4790876577786487  -0.5106207625988126  1.420810691889203
2.65368607291537  0.735299218427701  0.35205726364328493
1.165732607247068  0.23725988223312452  2.7314812698067454
-2.3049954601530454  -0.5753962805358739  1.609678703172336
0.4787102672418232  -0.07232444667523535  2.9588152175680587
1.1014258276506224  0.6200972499232383  -2.2722741312049077
-2.59302685968766  -0.1421803958448828  -1.4883854237416811
-2.7847793692558813  -0.0495458243187689  -1.1124908988737485
-1.2576812863207543  0.40649945423852113  -2.613348124420524
0.574813563221489  0.3280565015153281  -2.733324016939451
-0.6103955621149952  -0.351595692894193  -2.721500209100977
0.010780007139454737  0.0059229538814030884  2.999896901560608
1.1340947751605936  0.5699978016991692  -1.0060183188192464
2.1127336262977052  -0.37003476929652557  -2.026266236490631
-0.2351733627951034  0.10907811371361578  2.9817612760730228
1.6944687918169805  -0.9238979085079577  0.9905627381892899
-1.8689377060646448  0.9905803469178951  -0.13833886212537114
-0.7558433457175332  -0.4168543429000863  -2.447199094281759
-0.5599879348224754  0.2878812865434719  2.6664197287049523
2.415568957148989  0.849907769078186  0.7051482557249225
0.8777343839988468  -0.07874707862457629  -2.8654409229853677
-0.6599196327386326  0.019961055731863468  -2.9263132273182313
-1.646089663383329  -0.19419430640265076  2.4849229477011616
-1.5139365442784565  0.8531900519000909  -1.3098782556266062
1.1607692782707937  -0.23610478788782346  2.73391674996971
-0.4191471236579649  0.1470378879904731  2.957123416644877
0.21785948544882766  -9.565623899043435E-4  2.992078625217889
0.823512097045495  0.4482009024998417  2.3035965121739377
0.11373761635716342  -0.010965804921832752  2.9807148694379766
-2.965846520590431  -0.1108720642694605  -0.4084104621743307
-1.0988064973664664  0.6298334456854039  2.1751737149338037
-1.7002407479487982  -0.6771215594852417  -2.072030192824427
0.6651093672792955  0.1480898316087419  -2.2850241161515052
0.5921008865318057  -0.3225367416227772  2.8326398148214533
1.026187119698854  -0.3156862398791602  2.7564762693342995
-2.653988581560384  0.44562505445253875  -1.155110591749516
0.5657973238533349  0.27539918812569386  -2.6340529516930165
0.9109432042746574  0.037668670330384506  -1.242748410615503
2.0042316237794635  -0.9195367195306495  -1.0981462965152298
0.8874177525084369  -0.15858892742199435  -1.463748745589016
0.9784717324171945  0.4152242786504803  1.4606535413200976
0.2764411804562547  0.10937417090957902  -2.9036480236935214
1.7374601218489738  -0.9367705767989899  0.9260016426957622
0.27872483112083407  -0.16063984560277414  -2.944586336195849
-2.458376619381483  -0.8205987300874555  0.72573581803319
-1.017113418105629  0.3279015691979333  -0.846810432004754
-1.3130578884272748  -0.7355119294465069  -0.5758414159677769
-1.140730777423188  0.6325200306726273  -1.4978765297215273
-0.4021443924491771  -0.09230558446159919  2.9682522620097025
1.0133129418190732  0.18771414890692656  2.803880545461096
1.0963381817922255  -0.5140148708170963  0.9885182737562621
-0.2676290568203038  0.030299423220367418  2.8920042673342916
0.37187168011661464  -0.15821709868983158  2.8301474660038597
1.1487157236348948  -0.11330620432799872  2.7643022369911945
1.5856052326552033  0.8077125868103309  1.7662810599880667
1.884060313203873  -0.8848406144783421  1.36341114990267
2.4039673446783625  -0.7678920977740613  1.0628477642921934
2.373073053998596  0.5878264548399816  -1.4921639818969505
-0.198501138528836  -0.1134701042477039  -2.9697626306814198
2.5099549958967886  -0.6890928561056666  -1.0455824542654413
2.9061239905419  -0.1103558922835824  -0.7196032837495782
1.7553215572616134  0.8258790080864815  -1.6683237132408977
-2.531762787383008  -0.5872050422730518  1.2102796812059922
0.8323677970047585  -0.32049349660270177  -1.9439450769616837
-0.3445517825725132  0.1112827339732609  2.972739591198681
0.1705084424435845  0.018422912345666734  2.994977547598695
-0.6708262472548863  0.10857753808201319  -2.2488837905989207
2.5518859268841596  0.8225828189121432  -0.2826778466571991
1.9731251350342804  -0.9494004402032243  -0.9189976791578929
-0.21584515416999564  -0.08051475464735439  -2.9880998562113072
0.13437577582512492  -0.054176529447623294  2.9950326869320287
1.8884905247767345  0.9913705665400795  -0.23370290250651243
0.036138319591857426  0.019820290671473978  -2.998835898812963
-0.5501524217208441  0.273357521041805  2.6635111958729123
1.1272430459965788  0.5476083899004055  -2.5085528867506057
1.7120883054276659  -0.7790123840688409  -1.8389397587952954
0.5094345178070108  0.1769201638163713  -2.936932860897958
0.37133714625935815  -0.03690998719936018  2.7877053507132916
2.9902224484485282  0.13944325998765106  0.006748051923345346
2.2514542552061596  0.9673715872370602  0.07592016260920034
1.837264001737053  0.6525381637900811  -2.0111566490676394
2.39959708423441  -0.10859402882672503  1.7906554181004437
0.6587867559831455  0.18595862903231625  2.327954720663004
2.042321857795506  0.9130105480452222  -1.0970003017041063
-1.253701716264664  -0.7231658989828379  1.5626330058940132
-2.4888762514689358  0.8574624620302449  -0.34097550506993995
-2.58990768158415  -0.5853301436539323  -1.0858697729787088
0.5947161866986433  -0.3122863796705327  2.6336329667798215
1.7154316082054075  0.3658666026751836  -2.3719765732587015
0.7967154963419982  0.19666469551623034  -1.90971051835044
1.1239007325433938  0.49408835449484084  0.3759531194066214
-1.0930186391902137  -0.42271796719077176  0.12021811723301712
0.291026244062522  -0.14082786576619946  -2.907098985548112
-0.5714633920697005  0.2388377312008488  -2.905081115988142
-2.4915788468309814  -0.8462928767797335  0.4344212117422416
1.0833914122157728  -0.4084998098063673  0.27659337425049824
-0.49827990784361414  -0.07565353677945828  -2.955322584192127
0.5031867295251825  0.20836650455596656  -2.9274581383620655
-0.8467229505904919  -0.36946359194917766  1.9866815415368677
0.8500525503386107  0.2276270969877  1.7267963516178693
-0.29646934409051234  0.01709230564361634  2.9851675155031567
0.030332186960669288  -0.012424528311261094  2.998878018755055
0.8545861165680131  0.43168410017966413  2.1196266219006117
0.5294441070167515  0.2926914622240839  -2.8598526215983795
1.0371073862582445  0.4064167934858122  2.6976100385304087
0.3003258378194026  0.17162471558008838  -2.9476742996123453
1.8786873737863052  -0.97607916665174  0.6064620116643525
-0.3206554430662145  -0.18284002005184116  2.941205089935652
0.11771788585773828  5.556985194406766E-5  -2.997689525298635
-0.8346078551835794  0.21344168645070039  -1.7764555840334246
-1.7608618089972836  0.9603364316701356  -0.5775242500166153
-0.32589230707641975  0.1811396642563039  -2.9073168729319634
2.1123377313573077  0.7554682938983914  1.55352190803409
-1.5246340251994033  -0.5357601978353049  -2.369813607666145
1.8784200036592273  -0.4757449909988304  -2.1725665523609106
1.916754093250073  0.4790691535301626  2.1368559796543187
-1.1961430699468796  0.5985323835301417  -2.4032942398763075
-2.2008531576658568  -0.979554646690603  0.028968096538460622
1.154014256106909  -0.5468701843722463  -0.4421993304789892
0.7984971687779788  -0.2812613354522384  -2.840789064558195
0.4087586015536634  0.01096220431355336  -2.9719615587245656
-2.8045443469432687  0.12106475562960654  -1.0442402664949664
2.3130979810605385  0.21580658390153112  -1.8729687197792462
-0.8814285464707989  -0.0665787106668783  -1.431000619856506
-2.6635201800490345  -0.6326761797722577  0.7704263603657926
0.8838204005201612  0.2346376857280606  -1.5763379370317905
-1.463633386641496  -0.4326059534142423  2.4922236371063513
-0.41185466248994307  0.047997077552427124  -2.7375644002008475
2.6356713101632163  -0.61749142622743  0.898061141823311
-1.1932380901650634  0.6041795428852154  0.4893772769731897
2.055239253571772  -0.6205513084529943  -1.853799588854002
-2.633624224320249  -0.748641090575553  -0.3867980186744802
0.029449883395383555  0.016959541429221046  2.99937973768147
1.1527486402380662  -0.26466854444137655  -2.728176150690242
0.23371940480012846  0.028460348568679898  2.918171065331615
2.8851152033279948  -0.1492495528146164  -0.7803939038160979
1.5717806959605922  0.903495130778076  0.1418244486499422
-0.14137103332477352  0.07757575061859559  2.9821587802259897
1.4627891284455043  0.8432606481909267  -0.951708756520233
-1.9187695967496867  0.8668991109867009  -1.4195129824337962
0.3092929775845993  -0.10661654503973785  -2.977037288503068
-0.3974652952872157  0.21911069785418316  -2.857683567444731
-0.4185262628817305  -0.2413745896244502  -2.886444513975573
-1.1591480850723186  0.6452320330678736  1.4506495971052504
-1.0925152947510073  0.5003375434379286  -0.9358517932427012
-1.2053054543694786  0.6951486880089546  -1.7084860330066105
-1.9692427162779615  -0.36202584927498715  -2.169765544318833
-0.6834040851776498  -0.3447494746163029  -2.816022638675921
-1.9717635704968142  -0.6735973344043502  1.8597756211874055
0.7644286429360427  0.2981474335574774  -2.840480704008157
2.187342856905854  -0.7011278524757494  1.5715689486080833
2.460953528282584  -0.8800224358538861  -0.24697595252297683
-0.5734051850806654  -0.29818030537345475  -2.6554450129972724
-2.8203621708018387  0.42129873634421916  -0.70330246414931
2.631027837217294  -0.7427206858986866  -0.4439284178029439
-2.595645100548227  0.5380311520407677  1.1551180100901906
0.017959731198999372  0.009744881020621586  -2.999705193302196
1.1745462482086109  -0.6615712956149629  2.1510578057226577
1.550130209816843  -0.7751934232883183  1.8951717112863942
-1.906708224836394  0.732369974097822  1.813406977976665
-1.9939384161572606  0.9999704582659654  0.01426607513078205
2.815661694845491  0.43308052074650855  -0.6990448657859472
0.3564758020105634  0.14278009170988945  2.9651092623600843
2.0888466867102498  0.8519351190524611  1.3092905485815147
0.5599938962792144  -0.07629061416514804  2.4961057617778177
0.49572504440501663  0.28620074487783065  2.830286830163116
1.1007236218508174  -0.6271461577531061  1.8271865734190356
-1.8500039370546748  -0.040709073119273985  -2.360616473151939
2.2001185602757554  0.835557988031425  1.2146251716555136
-1.087862502113033  -0.5002880243376361  -2.587590764326105
-0.17974380249377936  -0.08798349361820623  2.9653256987725207
-0.9195105919823099  0.5122609918599578  2.1614620955585475
0.020329354950534655  0.00753463355630403  -2.9994726807223357
-2.8666585282758517  -0.06557111580035317  -0.877131710514787
0.7068982063938996  -0.39384390011405596  -2.5382341130605783
0.466547543250496  -0.02065804900012827  2.6542127043823207
1.7432414990972327  0.3998357456628018  -2.3324533928672153
0.07936616602389526  0.04571706584137796  2.996077439921503
2.023901463993357  -0.7369133339737599  -1.6923031334970329
0.9846612861520502  -0.3358074863762047  2.7604044498989846
-1.9850802259499665  0.902392863803601  1.2071955899214968
1.519641621704256  0.8769672892774548  -0.19732311342944353
2.0032150147328536  0.644297600913532  1.8737857803266653
0.9713821028613995  -0.35872303346545137  -2.7512527001607947
0.8450078625243076  -0.03842612267867792  1.6084024047812442
-0.33630494985792003  0.19356417123500583  -2.929587187353902
0.07157216191614733  0.039296433147304174  -2.9975584520341902
0.054786338050179725  -0.004117098004931736  -2.999491152050571
-1.5485389520017434  -0.8922617336593499  0.06923266232831231
-1.6439835267897323  0.7815661788469311  -1.8582952318373613
2.5204648872073214  0.5036283836701483  1.3556579044473396
-2.810631691671911  0.5605671598636729  0.3126727798857171
-0.12179275365522162  0.04318997854268851  -2.996373026230758
1.9474934151931806  -0.8403710756068145  -1.4946944861131872
2.3109353070176772  -0.8674945693131921  0.8863149216993329
0.17242929965085577  0.09936549489684714  -2.9813150688039296
0.9511911714364502  0.006518597221068412  0.9260133024966466
-2.7555339592171513  -0.650595071130516  -0.1452565321383522
-1.9434874164720035  -0.5243697124795318  2.072792287962262
-0.9464415025568471  -0.4862777971531613  -1.8964115166025457
-1.4085116899224106  -0.4784015858219122  2.4868067870400035
-0.8590523240666503  -0.36997163864376414  -1.9377359932696288
1.290525340963494  -0.7260340740385025  0.8702147221709946
0.6391393030118695  0.3283411138713068  2.8331284799647687
1.1170795477009416  0.36348714847265956  2.698193735409219
-1.222430201936135  -0.4511389612553648  2.5953122564578086
1.5676181086033054  0.8993863434987247  -0.48880522983448876
-1.3888820420520593  -0.3252592375360531  2.5932833430041167
-1.373680671735658  0.7802621460462703  -0.19776807831508925
-2.0265940788028773  0.41045242392664133  2.0867032481825416
-0.368340818728642  -0.20747224174486933  2.8864513067502338
1.0267375485129555  0.5444066831923134  -2.507331327011977
0.7246256291168116  -0.3935905727251667  -2.4753434426547254
-1.8022159591885185  0.9796886952419095  -0.12731609847853828
-0.38454122431455284  0.032861346665002275  -2.974702096252795
-2.4118054046794146  0.8068649668558606  0.9121191699355549
0.4924056587731794  0.11156374383139132  2.952469615163255
0.19612032514859945  -0.10636187114199139  2.9823465779238525
-0.8976506024110925  -0.024619305070458137  -1.3241856401259988
-0.6233334908020414  -0.2956264032020911  -2.5363661892044123
-2.7901447641042267  0.11430832539002223  -1.0843403879486566
0.12348693570273252  -0.06963794382457636  2.9875120269371154
0.2441234534291731  -0.13925602338129692  -2.965971437520356
1.4075932812073249  0.791424815039996  1.6652162555411445
1.9265593000423675  0.07241686653224134  -2.296214981602974
1.6369948419819038  0.9306424508002125  0.26166035151135714
-1.7704829908448387  -0.5244466546680477  -2.216860227301168
1.2153955761294015  -0.2900955818847848  -2.6919704793755623
0.1851404873512893  -0.0934501010833814  -2.9644987420038604
-0.11541914969748246  -0.04532332753337717  2.983369225905135
-2.0336997988621968  0.7376869399536926  -1.6804264850726627
0.48587103323911673  0.19683643362594172  2.6950130653624265
1.2267259394413421  -0.6340885558263668  -0.018626967130064544
-2.6579118532365995  -0.752064588210673  -0.07761930846907099
-1.626508319243313  0.05644620262324713  -2.518907474863122
-2.9186061786840782  0.12151004769503178  -0.6613081248511614
2.7479361521159573  -0.3032844479497694  1.0806323544659464
-2.0327788795634234  0.583220317695378  1.9242934157894338
2.19749619632256  -0.1403053681105457  -2.0277056816569803
-2.2332712440184075  0.6454495632781845  -1.6070873827247372
1.451998296607345  0.827506470873038  -1.3647118603546329
-1.1144999097160297  -0.033576937422863586  2.784690846022084
-0.999880278370915  0.01867253009970016  0.0727556060531401
-2.0981379858708253  -0.6279550422566523  -1.7972461242695674
1.1153695468168028  -0.46677893064543124  -0.07286484926029158
-1.1454039724928329  0.1598456194057177  -2.7584580369303553
1.822384338804941  -0.5517077171624368  2.1492532518989633
1.2195982403813996  -0.6669311619135181  2.1921821989878074
1.087931227401955  0.5369918090721189  -1.2211162441045906
-1.5140726757230558  0.8739665849551653  0.1316861961144844
-0.7551293794109107  -0.18983581732190352  -2.050294835319524
-0.06719970469486702  -0.03449329332476981  -2.9954500444751853
0.6023086453367189  0.13569192592745977  -2.430080013090216
-2.8706177893169613  -0.3070786315663751  -0.6868192451488008
1.0409410283628606  0.3372086313326795  -0.5793602095442535
0.3286299069557678  -0.12674174329752677  2.861246201039587
-1.8006990651454036  0.3003192976997748  2.339897758163931
0.9880859128567057  -0.3197090954637421  -1.091206673686844
0.7482074397815006  -0.3782639062645007  -2.35558104983199
-1.7212320322876038  0.2349361339825742  -2.4221919738182534
0.9830614263787777  -0.05697726650222371  -0.5758290469628466
-0.7028191857764685  -0.07578176548419403  2.146252181818493
-0.4581648041295851  -0.24786865720155035  2.9030945278572537
0.015115568610458839  -0.00803208034090512  2.9999014185208623
-1.5318641932147643  0.5198442929890686  2.38149196405431
-2.89187687842878  0.4519959254874427  -0.028729986728996557
0.9387382854844928  -0.5418423036053516  -2.356759330859435
1.2404990250435284  0.13421968160324327  -2.7214245019359145
1.3700608801551013  0.7880733102938721  -0.9121446985053728
1.2809308743976366  0.1207549003594647  2.7046034462613973
2.6410793634096996  0.43776185807605156  1.1937636906316156
1.7898178324261294  -0.9469546106798512  -0.8955895231202711
-0.965216276213091  -0.2853327866821722  1.1768641413588985
1.6515247566200577  0.5002240607028698  -2.3240563257138245
-0.4439494585028661  0.18467424171892746  2.751392757507646
1.7280539524739729  0.7917996030659662  1.7936346480821224
-1.3177409492096022  -0.7480462549105572  -0.8544866974777328
-0.11226418326147326  -0.011041927390588579  -2.9978368191895446
1.1041294808346556  -0.508460919722973  -0.8595685898356829
1.449407714498371  0.29442125505627054  2.5733226295468574
0.1400619154170959  0.01628959322247341  -2.996593085410217
1.0172084897699767  0.5305924444667324  2.5387360597097355
2.705806277951801  -0.46934043050423696  -0.9932369497157327
0.9941009296583925  -0.11904281542571425  0.4840924254113002
-1.2878595288768173  0.054618183105934956  2.7078486268423623
-0.49594963682989274  -0.05539206482489019  -2.610382287111249
-0.9087182829712064  0.5227781220829467  -2.4433022175161527
-1.1540238876396616  -0.6648093577988455  -1.8203828283384293
1.552210723108168  -0.46168258232641973  2.4192498765222794
-1.975147992529848  0.6909856822311319  1.8276047927543306
0.4717359184664449  -0.2717711548680311  2.857840194407958
1.4249517693159832  0.6133810771333572  -2.321405436248725
1.972151404848509  0.906418112235381  1.1972664567982712
0.7742232924003256  0.13891591542556175  1.9446909158836303
1.627927717691874  -0.9267984343520931  -0.29814894472932707
-0.588449811221862  -0.2688199351621232  2.88659041484833
2.188914548668498  0.5811909202980396  -1.7535824177581782
-2.939197993546064  0.23301637484596943  -0.44348047478720437
-0.13414198328972368  -0.05621178595227877  -2.9948323888204085
-1.3340687670705886  0.77010385172547  1.3244783255599009
0.9650096813289794  0.13326351363903557  -0.8832941545189364
-0.9685291554655833  0.09548101143499241  2.8344658713178363
0.09499603562923824  0.008025315837396007  -2.9984630138144133
0.03660081787698463  0.018398505050285802  -2.9994921405287567
-0.3499493606096633  0.18549958486564583  2.8804119290893784
-0.8548866815352973  0.4919581595294236  2.415764954199641
-0.5726595998374168  -0.19209706147869862  -2.5304894168116303
-0.4506443523601632  -0.08001732231493515  -2.6890251105105456
-0.9534575265056858  0.12270119513467596  0.9771999578114233
0.285949634103879  -0.1584402953340087  -2.928235313436916
-1.593060624784255  -0.20957455900969307  2.5153291972368184
0.986343169001315  0.3472701141177623  -1.1888044292574158
1.7494374421197527  0.7668268302336114  -1.8518122718926384
0.717444025489381  0.4029684774371635  2.5371189985382028
-1.1654992706933807  -0.5921057033292363  0.8236016311723879
2.426122325865794  -0.9023455697756867  -0.14261769844441755
2.4259553315452393  -0.8561353251751256  -0.6354785261111101
-2.254289244131238  -0.7388626828753602  1.401024427336536
2.6625789435547524  0.6274974817208365  0.7885642307772444
1.4471782603435623  0.8224345814280221  -1.4264897746155447
-2.4024463548053507  0.6720840401864209  -1.3008170465709707
1.999992824025372  -0.7981630119767439  1.5726985839579761
0.027190535976006288  -0.008312450828443367  -2.9998365553194795
-0.18116759318989928  -0.05059241676698181  2.9930716309261802
-0.6217142440436776  -0.13926966939865018  2.924130481478852
0.6426115727355248  -0.29252324733387763  2.4851429574015835
1.3321032354352398  -0.24463788568000988  2.6526183369380996
-1.6296764353209783  -0.5055758274421663  2.3338851969896646
-0.5389213296228682  0.2872809324933413  2.8708216704095113
-0.014248945893801837  -0.0012292447880825836  2.999965397006087
0.1450343973222748  0.08012443190306238  -2.9815502453414875
-1.129035850031516  0.1347683200121448  -2.769404349576053
-0.8432391991825772  -0.1146967492022346  -2.871994929013643
-2.9275857365480684  -0.37331119377123195  0.026539361474245078
2.206263515420333  0.6910209528538954  -1.5655150755113802
-0.5897820898759171  0.07300270367697742  -2.432643513724928
-0.5300500762810062  0.22124468457696483  -2.6392529517826713
-1.5265915777543624  0.6911361159748645  -2.1366965445550474
-0.9685642327701646  -0.09031159521519705  -0.7941529662539656
-1.9103308103932721  -0.08637557074109235  2.308286188665503
0.9609699426662093  0.20367669454849666  -1.0349842658393413
0.5887531366898268  -0.2944530023013519  -2.86699784694468
1.2427511756961902  0.7173557066261422  -1.716595132943549
2.4289836572334087  0.020632897054102338  -1.760329828561944
0.25392601109499346  0.03060289221330954  2.903133762999295
-1.284282899499888  0.13778037161421097  -2.7004937687898973
1.9663858269850631  0.7721762757357943  -1.6713871705173218
-1.8989489052864577  0.9073165180285444  -1.239631418054437
0.50971143514308  0.246367170963632  -2.7045670200519276
0.36807063701138837  0.03876792235551737  2.9765649404425814
-2.247923862640856  0.6081978552435116  -1.6430820920522482
-1.8235502184006365  -0.798518599458304  -1.7190381316341081
-1.1974633614701948  0.6746939884643959  2.1089515964395864
-0.08459752258194586  0.01254877885497426  -2.9894853584081567
0.4656749484290282  -0.2687643400233596  2.8477354850153764
1.546178647212643  -0.5955110685646048  -2.28789155379011
-1.5624768350110525  0.49964773569096627  -2.381784535404503
-2.782726790819069  -0.13865837282031457  -1.0947774021267938
-0.5213684003219508  -0.1538213178691425  2.603314156056003
2.7531173237678583  0.26725733939666124  1.0968104132967058
-1.7442620976690537  0.5463903484684289  2.214988883301401
0.7987231776355416  -0.34193893649390433  2.109222749531121
-0.03540988626895235  -0.016922212898896564  -2.9995673048383984
2.0809360261488594  -0.22786934022636465  -2.1239299846628903
-0.8523638965488145  -0.3755556848770273  1.978009936105176
-1.8479842304500127  -0.3503404016432147  -2.2794166216852294
0.16860732205474546  -0.08725757681302755  2.971580298878726
-1.6864524996792034  -0.6549196619239941  -2.117672832138768
-0.9287531879319465  -0.53382580843072  -2.4222729036346617
1.2248320921007498  -0.6505015172283546  0.6441192781816758
1.1143635138749888  -0.6032296292201985  1.4681318982787874
1.7144961881584901  0.7099405373023987  -2.0020499144395454
-0.9839495977159931  -0.38241600951831817  -1.3168813589850532
-1.6484816722216895  0.09816800707306114  -2.5006884434809717
-0.15537125716829592  0.07660436040241538  -2.9743337091782664
-2.270434435921589  0.622585427159839  -1.5918093334663634
0.2338591785131697  -0.036301017305149265  2.9901853288167977
1.4461765060936487  0.3711795804450029  2.5396443550155263
1.0616010719811464  0.5671417928397656  -1.6188176234945113
1.3964097856622635  0.6991226267299981  2.1449982504446443
2.360407000905468  0.8842467597683537  -0.6677085392203862
1.5319121572408994  -0.3815525216053253  2.4842642869846387
1.001629894709458  0.12970962535337632  -0.3512291353016163
2.152412092093802  -0.5907057370767995  -1.7850637427206926
-0.276564504852133  0.10087631871407095  -2.980813774976538
1.0732717846110233  0.5335533276765607  1.3234041186204764
0.7647153906839059  -0.44082601153220585  -2.5551925870930225
2.0065298769373534  0.17667091811439545  -2.208868099255352
0.964949396395114  0.12805676986016282  -0.8767986710308056
0.3214795651243431  -0.02150611088406502  -2.9824912360927005
0.9022646267775313  0.20255746261334678  -1.4326953573514332
-1.8020339662963276  0.8381782886975463  -1.601923736510278
1.2124051177589443  -0.6991240155956826  1.8460202720561236
-0.7114791906185718  0.37991168455409957  2.476285040150339
1.4656763905554757  0.4341099335088524  -2.49003510613519
0.3430613448975295  -0.19788220151154862  2.9239226303047294
-0.18622193049239935  -0.0690846087361427  -2.9554418731446295
-0.426269889860696  -0.009562456109259073  -2.9695150196739775
0.7303483356394186  -0.10036923417205583  2.071441269916519
1.0112073281542806  0.19732920318616792  -0.39328153288110745
0.3170738633311672  0.030379313429032658  2.9827264035649796
-2.4038509652481066  -0.7321161752582225  1.1627178789840156
-1.7228435970417437  -0.9607871288871946  0.03823587690867631
-0.4456216206430995  0.05273153868830858  -2.690352554652967
0.5336005826071298  0.016228186794167074  2.5376770969214335
0.9853710228672967  0.5600650327123157  2.098633923973578
-1.638517862865961  -0.7696451611344174  1.896725351636121
-2.2668858031247283  0.39836757324418487  -1.83357563131158
1.2533761071003657  0.2266763017657319  2.6957269459326723
-1.0949132927623957  -0.25496968788573054  2.7547838111593177
2.253039166555795  -0.8039735348478699  -1.2330086592444414
-1.2594976999055278  0.6728367755800228  0.1405669010557479
-1.8856093433495809  0.9899323352140321  -0.2832188748103081
2.2100344056920744  0.5378534287345988  -1.778501102103485
1.9642639658276737  -0.5362690216871527  2.0420281084155842
2.277760579640909  0.6627142866187747  -1.5170945946649796
0.16857233694034346  0.06801882846020463  2.964877390786387
1.144803239456068  0.5099500756763262  -2.56170561241165
-1.0146783588282857  -0.41917046465999674  -1.2256647370812743
-0.6959947569634051  -0.3882675669952854  -2.7439786153580954
0.43540885938155227  0.23541247308339827  -2.819994325942063
-0.9478763532584397  0.48146246023436384  -1.8693774682895157
-1.4516339139231373  0.6923752365446166  2.156750560455519
-0.23099534723625972  -0.019816004171900412  -2.9194721374845596
-0.7053680368118824  -0.40615702945200904  -2.6195096945400396
1.7240292458912505  -0.6578033696817032  -2.087959348294578
-1.5410670647278968  0.8544620663481545  -1.4014838458796945
2.1207415869013486  0.20779383908947188  -2.090700252354187
1.2154302987342005  -0.6267183162050151  -0.3657774850891917
2.5303588425009127  0.19669716814545835  -1.5748501815820992
-0.14656275230115168  0.03213288052446588  -2.9958606002664405
-1.4347791606388343  -0.39873546529507314  2.530152534167948
-1.3348087109482305  -0.47528510867030277  2.5257063697002073
0.6251918717516386  0.2766265669932204  2.8774292358828397
0.7421552182884769  0.10992320733875534  2.037849962987499
1.0238806584830464  -0.5910574852839179  -2.208053191692006
0.5336886691419593  -0.23138872996692186  -2.6427579250783895
0.5670701640931549  0.12403342433130708  -2.499582945483982
1.8000186505905027  -0.9262602613143878  -1.118161728045056
-1.8092153499663217  0.6041678969930994  -2.099869084296127
2.392941140634188  -0.17733517661410886  -1.7828925212204338
1.4937469616421746  0.773695765968216  1.8926950089166792
-0.7373528632799471  -0.24902140693531533  2.8690522392269884
1.2393030303795156  -0.6962935696867933  -1.1665362251231868
-1.2062819454631044  0.6497845747424507  -2.255158849234429
0.8819151304344122  -0.05308150239494016  -2.8659599752913962
0.7941461551386434  0.43462675157515185  2.3685331414083297
-2.7386623707505002  0.2673726865917925  -1.132321994044477
0.7451390723503614  0.3553709864236053  -2.3132205304945894
0.5221069844295432  0.15387115669875004  -2.9403528469222837
0.843132854304151  -0.32340596306664315  -1.906353186933394
1.604376767330386  -0.8417015150709204  -1.598044736493017
-1.5861472337697948  -0.8244618718499919  -1.685287918561767
-0.7339342048025826  -0.181969813705125  2.889962792660734
1.9347876503299253  -0.7246867275655554  1.8037280486075165
0.1652704097671337  -0.09541548721504176  -2.9815792194996447
-2.2271920848737046  0.14482042326406847  1.9940649340229442
-0.970247838806646  -0.2451687766107519  1.042926432502949
1.0763829363287334  -0.36789524637757226  -2.710737249337489
2.9008336202728646  -0.40405089854850057  -0.28409371441077447
2.926387100401965  0.1431337023869946  -0.6120256681384686
-1.3057613480374133  0.7280715993152549  0.5439876799593648
1.3315746909852286  -0.7520743996582532  -0.6005687098531127
-0.5470483954827632  0.04980120623777384  -2.5157618293041537
0.5542096128859131  0.319892373921  -2.792640799920463
0.19690303935690226  -0.05520373546313423  2.94613599467895
-1.0572462675596719  0.6103889727189995  2.121397133149152
-0.21514017145815473  0.03873341594755495  2.93209226049774
1.0461121621540188  0.3080347022656134  -0.21819550731745618
-0.8226072747677836  -0.4714717873981552  2.4407538005028337
1.866437535669895  -0.7912536782327355  -1.7086729162678014
-2.0737868919728446  -0.6146458351331555  1.8420177388310846
2.7361336195822346  0.16476018320815636  -1.1965323623231372
0.3889162208175596  0.03591063918598172  -2.974025106202414
0.9928687774673358  -0.41198850668717346  2.705914682391913
0.437873121529055  -0.033977198472235674  2.699041641180979
-2.7710885826222666  0.5653179258340282  -0.5462657684685135
0.52158208089827  0.24699952358461874  -2.6833374662840694
-1.6960746473507324  0.8912041699822505  1.3294458269557543
-1.5312028594639382  -0.8573592042520295  -1.3300232174579179
1.2047027464632505  0.6529796248170202  1.0115164695374639
-0.8196686516807792  0.46115717770590325  -2.6233596856154007
1.6342876421658363  -0.8594638744392813  -1.5067954812587225
-1.3364916067178696  -0.5585716664894397  2.436038499164572
-2.3746460298765815  -0.9264254248187194  -0.08412562364000577
-1.4397027388986057  0.8230834266448738  1.351072731481585
-1.9835289143574335  0.9990575501609948  -0.12240610598889451
-1.4513344293163355  -0.2776244578229573  -2.5785582400687344
-0.04530896032047367  0.02490972506958621  -2.9981810320451423
-1.0335806229499407  -0.30544776311323196  -0.5172248597618577
0.5391434707361599  -0.3030063494948758  -2.8439875238697914
-2.111073929166973  -0.5767307853045077  -1.8491115134386948
1.3762434435513597  0.7873910358979572  0.6109690386880465
0.42180759898888454  -0.019370232167166337  -2.7206774101078874
-0.9151215234735467  0.3488785375186639  1.631649329918377
0.2707735159511153  -0.00675854566949135  2.888000442723486
-1.0255895360624503  -0.5672350427380126  1.8705853590346355
1.339191975110369  -0.7066467967826158  -2.1076636838906664
0.8892798929898066  -0.20059668596666863  -2.842265318289572
-2.388220596491165  -0.809646909515637  0.9568768611212748
-0.957691734780406  0.5355254624848084  2.4874806456381395
1.0147642307053524  -0.3775020630457261  1.062468849346509
-0.60388764527962  -0.2626802429083908  2.8883876849601497
-0.1406391426215065  -0.040004032864907564  -2.995789266509068
-2.224139199870847  -0.9697225983401133  0.24108746369715445
0.7549609487143287  0.07835251417830975  -2.9002265685788067
-2.2552825108246792  0.340428352143917  -1.8851311378508433
-2.0705786502719605  0.4935017167657916  1.9783499903806603
-2.5646983209418632  -0.6245512281940457  1.0665844359705416
-2.303284394778212  -0.6334870627834579  -1.5284755137327681
-2.6392496415615305  -0.46332255034267306  -1.1658157104643976
-2.2026929952926797  -0.9764191711718656  -0.18774636275405138
-0.9298556062794874  0.5359121117700623  -2.3964667062103735
-0.334346784986502  0.13960804859957915  2.96788478396744
-0.7059010048704435  0.30932394092183924  2.344732906259953
2.097068545160479  0.9952032690012105  -0.03341355381143128
-1.0536487701198647  0.3275861100005824  -0.1709552999966486
1.0017385418973053  0.08613241737884644  -0.18893854266627166
1.5089663983520727  0.8683620582688019  -0.7823620547985884
2.0007761267373594  -0.5997696266672197  -1.9361214330323664
-1.1524368212136045  -0.652758637122473  1.6151534058268258
-1.1136058199353573  -0.6397040323265888  2.127012011204127
1.6393589827292354  -0.7957746586740145  1.811702082688049
0.054663003552336456  0.03019267871464984  -2.9973846899976238
2.3833894857715037  -0.7119527729755737  1.2499696105113844
-1.261405850208671  0.6749610521696013  -0.14384508370251467
-0.9706152851544994  -0.48094597105355247  1.7462405872754445
-0.9201728593292601  0.28176589724010953  -1.4605859102462397
0.09673638151141462  0.0548867945758739  -2.9925446499294743
1.8688986434329633  0.8804864381877642  1.391984891330739
1.7090946931408928  -0.9419106930692291  0.7338522516425383
-2.080643111517312  0.7862963317338852  -1.5168092313611161
1.7338829034108016  -0.7611841849920267  -1.8752850550439621
-0.368086016793335  -0.12548030047756778  2.9676911238269845
-2.433760505897788  0.1496199699930392  -1.7347243272708772
-2.7342961464378255  0.3194799561708212  -1.1004635649576278
-2.5514528914660866  0.44468381421647324  1.3669384560951847
2.6229701774143543  -0.043716107083933094  -1.4540604404486164
-0.9902818265818415  0.12857066179641413  0.569330758938055
1.1399668648197354  -0.3976728509495683  2.668098287358081
-0.8884393202466198  -0.49907077353945034  -2.5553561797697695
-0.5454369976262496  0.2711071272555359  2.669749473126228
-2.2031613232962206  0.12991895620287644  2.023654581676727
0.07986173978312719  -0.030067765461974205  -2.9983601536510607
1.1199237362828338  0.6445231986273162  -1.8906191273394795
-1.2523922768208398  0.6945941084899956  2.0852523152863274
-2.3531625457999703  0.9010753124159374  -0.5707895209300518
2.7922060850024524  0.2462458598511144  1.0097161721878731
-2.0090517711304736  -0.40047689760165084  2.1099857958071673
-1.0246357209776118  0.5832030361550921  2.3398601511771435
1.1124903977494716  -0.07427167051368079  -2.783110649202177
-1.3521718898692319  -0.7618814272365079  0.06637572422176502
0.6657813524327174  0.23907237405743234  2.888519210640642
2.2100142149181967  0.9748500164390886  -0.1874595922347349
-1.0305291942891268  0.5225625687096446  -2.5574054585577923
-1.2802849812099724  -0.7368703365476172  1.7176707234692614
-1.2083055602068518  -0.612240981076491  -0.15827319519743854
0.4227464903704023  0.14847990826115234  2.956337381484162
2.0112061542327595  -0.9964203011427247  0.24777126598717925
-0.45402102102555586  0.2620524944655806  -2.8627398578754186
-1.1001994719694892  0.4364691925636676  -0.040588481154877475
0.10400829097122212  0.05441839674895442  2.98939812830596
1.107230492427241  0.4766233067189322  -2.611450718449445
-2.1915165687980935  0.3445422637166938  -1.956376735162758
2.6293248323138565  -0.11281794322870997  -1.4312098104096695
0.6449583567586031  -0.36747027189431064  2.755756636738007
0.5189716016213859  0.21006612637413816  -2.9247117571023624
0.418227794641995  0.006275669948974401  -2.725091576868249
-0.6126352384575028  -0.007894943226224636  2.936748376627171
0.8661940483794843  -0.48136517057298794  2.5994964356105066
-1.5420160130873843  -0.888947195542502  -0.05015909187619805
-2.0374789928015167  0.5946519345341514  -1.9056771407157145
-1.0038436203560401  -0.1482773848469037  -0.3616487706563857
2.6598548749031456  0.10202040405065019  -1.3761825821439893
1.3420103421492602  0.7724437213108292  -1.1056480538061257
-1.8864536236521416  -0.9898982617183785  -0.2880999044283087
-2.504881900859624  -0.7778149742593337  0.7755364719455802
0.49172422651551  0.08412021361114175  -2.955673095815513
-1.6085348771866146  -0.5152270213915894  2.338839313355465
0.8669429550553893  -0.13571359468524832  -1.5503426003215635
-1.4360946351594066  0.31765595779995426  -2.571167537906267
-0.22642330727944598  -0.03994601798320682  2.9245834082102267
-1.6827942876204316  0.7990284244775367  1.7889191736723893
1.1471979089202937  0.6595055905104799  2.051973883740117
2.0382929644038725  0.181571883095912  2.1783629763123034
1.8109808406938095  -0.33698515919968536  2.3153820334815842
0.20002291365248132  -0.1153946953258482  -2.974251039633095
-1.1008753611674575  0.4928372150596313  0.7796484480263738
-0.5443345857642063  -0.24942980853247093  2.6427521044713576
0.28537324627628513  -0.1488448891630309  -2.918834492932642
2.4864567018029087  0.7919766182887071  0.7715806015047741
0.41569977700009647  0.16624976210741288  -2.7785522173970008
0.7295580469424493  -0.04204830251813997  2.055637274631508
-0.224635838484222  -0.10713314247099652  2.944208975762352
2.9520877055940726  -0.0033729519081740597  0.5339888088712788
1.5939233227015719  0.3395817352954662  2.467418309934648
1.1519588321977  0.5322232093148841  0.17770745486230916
1.610685524596216  0.6277710014304357  -2.2060273215862187
-0.8298594749572357  -0.2932007824220505  2.8272260114560765
-0.9540283673333343  0.21795516721858468  -1.1172000065359586
-0.2064491470214767  0.08002703250878905  2.9887207365298254
0.8692156321270216  0.2777021920418246  -2.823284474658343
-0.8453428443995089  0.23152858934992693  2.846771306464994
0.8258199590043954  -0.14849327931813164  2.872019612780105
-1.5638240553925267  0.7471308293091327  1.9847435596968728
1.1984120121427624  0.6918886910768668  -1.8145953165741737
-1.0386781435157686  0.308756185039391  -0.4384739078886408
0.9457417513833128  -0.4123612331373942  -2.7171913647929076
-1.0044181306754738  0.3846714876257495  1.1746729904909212
-0.5123402724429051  0.06825345409077542  2.9534978505034966
-0.9297554794271501  -0.5318532645261526  2.2490640522254473
0.9251685861433115  0.48724378812109986  2.6144719192796226
-0.21229551441740502  -0.1174976395789375  -2.960532126371251
2.603558986700065  -0.026429840090564195  -1.4897599368516221
1.0340133787385732  0.324547168795442  0.6168750295186096
1.9569203078005581  -0.9725507127982417  -0.6971932889562278
-1.5051228453421603  0.2929440184865564  2.5419741278469283
-1.3839449787382945  0.5713444647945857  2.399685754209004
2.21438963359073  -0.7822772902257584  1.353520090313939
0.35333629901601393  -0.19967096182588814  -2.932182148045102
2.813850144550708  -0.33252039580243675  0.8622297052989805
0.7491283739355872  -0.4257987744567008  2.5187398824450624
2.9775667102057977  0.16485838885589674  0.22844030171295548
-2.926692252728442  0.2826089734438152  0.43757289723232395
2.6645667090833647  -0.6580153221594487  0.6855733303561935
-0.8137414763229815  -0.4540833086710111  -2.372349114943047
-1.8879307530476612  -0.8555419791876919  -1.4860789431385124
-2.561690812148632  -0.7979228350182024  -0.4471982763523666
2.9081185149761053  0.2688992475479808  0.5684259794574271
-0.48407056611895777  -0.20008030338560373  2.9330687328087635
1.342663253884203  0.7742141639860928  1.464803582811359
1.020382717344713  -0.540684614601459  -1.7370688758420134
0.2111829317539664  0.05877633034849598  2.990596817705256
-0.770408062300818  -0.3571523725636798  2.236062816316762
-0.4016970470501684  -0.10688591977641378  2.7667062889063567
1.128932927966512  0.6215097081904054  -1.5001947052799909
-0.6132988546870544  -0.34088458869645943  -2.6572357306098597
-1.6176668830426193  -0.7837841133982799  1.8576993795976353
-0.8548634072056658  -0.4915499720842996  -2.4099058655519867
-1.4726179308582266  0.850058507003321  -0.39703263617373097
-1.0974195405718454  0.45578484578712275  2.6358771728812966
-0.49438498448900503  0.28538703022969025  -2.8292492054611706
-0.9663996279259082  -0.3771177483062575  -2.740477387638783
-0.7898725552264313  0.18556294452882588  -1.9246187792974796
-0.5525987505146318  -0.302691679602449  -2.8520273532804428
0.21247353741716926  0.08506740437115295  -2.9437861108100707
1.202672004544203  0.6044920465476672  0.13162933519392583
0.9657517442710373  -0.025105454738285158  -2.839970210798063
0.7876488241225591  -0.4544577074831961  2.5703091685036035
2.4004932590132952  -0.5183422072605748  -1.5397717755646287
-1.999446781569638  0.8689299801833541  -1.3430339910044857
0.9898750872638806  0.26348341392771235  2.7905236563140834
-0.22111332666096398  0.11837922753816241  -2.9537066403688756
-2.0401553933228254  -0.8796003733721048  1.2581595218640333
0.7190319203739157  -0.4018807383283638  2.7235733327282414
-2.5046249062552315  0.3201132377221679  -1.552969303861738
-1.0642925513202839  0.5690791026749057  -1.612110601883174
-0.35973426988113855  -0.1642603749683316  2.958154350757519
-0.9907000281229762  0.2829365864664985  -0.959552718656193
-0.20040638143742692  -0.022466830602426234  -2.993040913338045
0.9681430460334993  -0.5533490397967493  2.400388737197033
-0.3582683146859466  0.17032050123621317  2.9557711861215026
-1.9627871882080974  -0.989119213254387  -0.4388281029668043
2.7885711210874713  0.531174597380726  0.5732991035021985
-0.1329191486061707  -0.06238716151823331  -2.994076093967331
-0.9725626953016422  0.5592451704907707  -2.3554834454872093
1.3565559594731118  0.47523022560072253  -2.5154249176908525
1.6051074336543618  0.16401388221110766  2.5182621652620067
0.6165494086949845  -0.28470257714842817  -2.5357022852640005
0.7075989042804289  0.2724454893853162  2.8655870477232854
2.555442642441391  -0.6094601915759001  1.1185787147186461
-0.5822780047833928  -0.2830512404019691  2.876946111107094
1.8498838416867003  -0.9293733242117725  1.1070981261131632
1.8793526016183744  0.11388720101904148  -2.3300015858407095
0.9677010961186174  0.1503637141915107  0.8820567654148008
0.2108912279545949  0.11679666238472192  2.97805560249627
-1.9103722724742729  0.9848079531417618  -0.4850845346424584
0.7368863356462807  -0.10897095661098315  -2.9017522241782805
-1.2069728755027511  0.6945367564209607  -1.6398831502433626
1.5010438527930583  -0.866612182666997  -0.2048485113452557
1.84557201276017  0.7863523533770269  1.7373725740468446
1.7877538381043343  -0.5915176581908851  -2.1321320144254483
-0.8646213601638156  -0.4410410680946167  -2.108326980900639
-1.6480161688149915  -0.8986329691411781  1.1887464942124204
1.3810032341486487  -0.7938060724149195  -0.7992782062943349
0.5051519869081141  -0.013812309108981163  -2.589422887946687
-1.1005495565472279  -0.4745476531054051  -0.630662703444119
-0.8028106494361051  0.44634253482621444  2.3833056337370686
2.5732343341168256  -0.7466527438721434  0.6804196381402459
-1.5624246859658633  0.6367058326926011  -2.219784534267729
1.9922686680381938  0.7260536429171374  1.7463333850015568
-2.9840641717539675  0.09726413112632028  -0.2587175777930719
1.2297496638382515  -0.03566396996061246  -2.7356708844520035
-0.9874249903561602  -0.4353718368227077  -1.4750620594502664
-1.619619965958471  0.9232617023979431  -0.32386785486426195
0.668629545011327  0.18782039880960805  2.903934022773969
2.4841933917534464  -0.8467453693745585  -0.4676762120755884
-0.6392069167195538  -0.3503746553464335  -2.799755067168727
2.582811424351162  -0.7011369405214872  0.8187274411253681
0.5357308765963509  0.21076404957565945  -2.922065850663661
-1.7695434357543673  0.6794371884609769  2.020479414596583
-0.0476589101729199  -0.026931623254278732  -2.998158892639125
-0.17288328235829198  0.0909462517527385  -2.987412677986751
-1.799440995288721  0.29072640808383976  -2.3448047655069404
2.897648733056946  0.27994921984044996  -0.6042999055689945
-1.9941180937989729  -0.6899222619570938  -1.81084878811799
0.8658015485668138  0.08544510848492562  -2.868477006294653
0.5328910515781098  0.17883419863217945  2.932639313778888
2.203811061625178  0.8106771106363994  -1.2888436524744453
0.02417387195284417  -0.01394269007145919  2.999592683244386
2.777130117502024  -0.48833674804596355  0.7330169871789445
-1.8400926092203778  0.9441667678555326  0.97649346220409
0.47330291203758335  0.2707425028031155  -2.8246127228100737
2.6852282613407668  -0.604759066974464  0.7757840773610716
1.9627481843664432  -0.9072056498684995  -1.2004416995275875
0.15463280488238088  -0.002999627706124027  2.9639296982266843
2.0882439827873176  -0.6099110727390789  -1.8326545799634815
-0.31197919062697566  0.02273435888796839  -2.9834721351656635
0.3525457570994191  0.20077370823761562  -2.9293699936263313
-0.9983507366914675  0.3333264413871977  2.7572382033204
-2.8510279922345263  0.17491839849811455  -0.8827960338956623
-0.9619139021227565  0.3996749653714135  -2.724442077321754
-2.483471332743071  0.8714169508932725  0.1773338578596439
-0.10533360778767112  -0.05897421315026152  2.9942933931600058
0.2554031694512546  0.09937756970572356  -2.917311774624693
0.9449540287391115  0.3677040095137969  -2.7530986583500505
-0.9187709369003293  0.17741952412144224  1.3006301605834838
0.2799698593812871  -0.14980377474147116  -2.965329604241724
1.015460725419751  0.3006716824681845  -2.767006371651795
0.693580593912992  -0.3998316058795306  -2.679601367100677
2.102110770927974  0.8642572948529895  -1.2473293803960783
0.794103842426928  0.09994998598019297  1.8480344710928984
0.5467009591046905  -0.07905336282429225  -2.5232745949351836
1.4956423512490737  -0.8395116177160205  1.4228213853494616
1.8445474546777954  -0.5826148775469392  -2.0973090866983353
1.853258300275366  0.6602049057934013  -1.986456412031767
1.0594211440496852  0.07471386015459792  -2.8037037079937646
0.20401616233670924  -0.09092510557284747  -2.951415027320773
1.526208918758606  -0.708956103865387  -2.0962734124549165
0.9718760806013361  0.16320525364289432  -0.8616070135243328
-1.142010443085164  -0.6120893603687706  1.2898602598872762
1.118628921325658  -0.5089601412623439  -2.5693866108181505
-0.8877761125746954  0.12885651507135923  -1.4344839048128386
-0.47053191528685795  -0.09035031431452531  -2.661259289572842
2.1598593096354204  -0.4240635442386138  1.939684854238399
2.9020680959017033  -0.4077876860055557  -0.25278184062721454
-1.3810863243847011  -0.7970080726207083  -1.2643964328523478
0.6328901782197982  0.08303187689503722  2.9288596592623715
0.22899231594093444  -0.12864211330068762  2.956191388107011
-1.2496738985980862  -0.6761535423146792  -2.177791486464806
-0.820719196529515  -0.3662927047149503  2.0797607453115967
-1.3609732479636005  0.19544243339819753  2.6513203735340882
0.23191079608707535  -0.032355956112784044  2.9198412796473554
1.7856622903178048  -0.7999304996386655  -1.7385803530966073
1.7298171874672488  -0.809161961032789  1.7373808005964002
0.8673982023610796  -0.16426234147273064  1.5735399422470508
1.16422334173155  0.6685977121017855  1.73383543226918
-1.217099252782553  0.6286342535702892  0.3621417334748145
1.9625186193275377  -0.7084156348988642  1.80877025188558
0.9569508385106978  -0.5496877399720036  2.226847923912962
0.6115137542964024  -0.24060970790938951  -2.8980305160742166
-0.8452282930249458  -0.3792435707982974  -2.0152080592057766
-0.7666712658399419  0.3155358296814276  2.1704560068505625
2.040595213304573  0.14400182741303325  -2.184786807575125
0.5178082962303661  0.28448455106976894  -2.8691146966100947
2.240954033174465  -0.4975972522449593  -1.7821047792002842
1.0439936249555581  -0.5188512649353868  -1.4626074162061475
0.4960564423142959  -0.03214208556753833  2.606658727131155
0.04846759958272229  -0.022675269568193233  -2.9992170702111016
0.08818288633408708  0.030001663649612202  2.998157722555123
0.5252776980577776  -0.13093483256580846  -2.583862550699458
2.081984870435481  0.9785688671621053  0.5182813432424435
-0.5239257825362258  -0.07707859793547378  2.5658496031589233
-0.7514293988539069  -0.289126626542992  -2.177990586758672
-0.8924763620292216  -0.1265365082258902  1.4060478838712833
-0.0803826300247503  -0.035026361632350865  -2.9923933983468367
1.356873497124779  -0.767568738645053  0.29884912317469114
0.9896968482391156  0.1995917676415737  0.7421630229847945
1.8628504842225946  -0.9443229516692279  -0.9838432438084364
2.4747073238730306  0.8773342396599988  0.15086131442275058
1.4888365553895642  -0.08226159521118742  2.6005713623593874
0.68684852506417  0.36968619311757744  2.523577634377182
-1.5684315813808294  0.9016292714549639  0.22753923069094356
-2.2307716026167665  0.7673113608915932  -1.3681074622590157
1.5953218184963855  0.9064307201220254  0.7394366114540788
-0.4919504465308159  -0.19394641316003405  2.9342802871648903
-1.7224495920967566  0.7922173238501277  1.7949994787671195
0.40274529288724353  0.18675279250957277  -2.811950018227562
2.4753803125461866  -0.4782252199006862  1.4648102724166199
1.6937260803450358  -0.9433288298938579  -0.5908245410591026
1.4235890071462267  -0.6547674701511201  -2.2479042991649814
0.11525149731332032  -0.011461719078182005  -2.9802083996803934
2.23309835111371  -0.161599971360462  1.9835089648371733
1.9430182227218338  0.7853755983563003  -1.6603643342537524
2.028679415992009  0.8138945765714363  1.4992645108324452
-0.23528775359731224  -0.11367259794153922  2.939509944959456
1.4804838307470207  -0.7032014280257056  -2.123309814470923
-1.284040728909913  -0.7112920111106805  -0.6444924493652202
-2.044797485539463  0.9848085555796299  -0.4764827437684266
-0.9775325848034881  0.13032715514912807  0.744401093939084
-2.357622540242538  -0.13552500877572374  1.8401740132331383
1.75792989787326  0.5684734533005338  -2.1813399652594128
0.8158440961276299  0.4421374792253221  -2.6789036791885383
0.4855786304074287  0.1318043083174108  2.9505246250340695
0.0840602854998334  -0.012852957594881257  -2.998736443159299
1.85649402606796  -0.8556250176950034  1.5056164089847814
0.05479470625916519  0.021406222892574274  -2.9962508978299685
-0.22801556263307432  -0.04431317587228886  2.9240566265022707
-0.7552218518136281  -0.4160133590868096  -2.711212674756384
-0.33856968212744165  0.18288970119729503  2.892290450517102
1.60766352137034  -0.058968669375633706  -2.530803231164253
1.6820774635650455  -0.10217928329754962  2.4777246120700687
-1.0420817965886942  -0.28738526024019334  0.04406582574201136
0.8693138899957239  0.2625085104390542  1.688728077031965
2.934609789871478  -0.3039508309980712  0.32615014125822267
-2.7393550319165705  -0.20677032669795395  -1.1690023477992242
1.4300588982658982  0.8256417627368351  -0.9177281887474987
-0.6761576784980923  -0.3896058517557094  2.65599939507608
2.510595625806902  0.8159248776809531  -0.5659802228993395
2.259402611958271  -0.7388189373618148  -1.3934877782642794
-1.744467339929875  -0.4449567113865508  2.3018368894512635
-2.8327416181199494  -0.01602683964949013  -0.9873217860469454
-1.8558415658542733  0.9840115295375284  -0.3683169770228169
0.17300748737110447  -0.09327756521472191  2.9865145060042524
-1.2959198672989922  -0.5382408482217063  -2.4775471095997705
0.6098089608831071  -0.21372518797149162  -2.9085632574784137
-1.8556990779747644  -0.12087934500884456  -2.347821265089071
1.1094484713757122  -0.4573377517528094  -0.16081265185793553
-0.11373620630682842  0.06272548343425914  -2.9937324025019985
1.558892557842446  0.8876075252229494  -0.9066860559088596
-0.8474390509072706  0.012141075620812078  -1.5930945617337127
-2.4218867548404237  0.772598527007378  -1.0091998167663332
-0.12157916228311676  -0.0681444798480038  -2.9923579354360603
-2.337230184726253  -0.8895656933789964  -0.7007891167108709
-2.333725204884193  0.3048112988058392  -1.8076713999720067
-1.0315790644017104  0.2653580161138712  -0.28228368096550877
-0.909348785884863  0.2174528486887614  -1.413037003357776
2.8486179450469735  -0.29093034424414843  0.7920973262038908
0.053095234345519354  -0.030358524219187884  -2.998371679911316
-2.303509180916622  0.9172822602914611  -0.6013822547346125
-0.9561485869701299  0.2784297186390983  1.226295866544475
-2.142591079385136  -0.6395968021948263  -1.7296117387015149
-1.301214212103512  -0.703670409720482  2.0956489566493786
0.5831691714629524  -0.14640594743834268  2.477673968603393
-1.9799541064743005  -0.9859134868969004  -0.5011851129970051
-1.6150854139461353  0.29709624628035125  2.472353418869418
-2.429252886479233  0.11280002638269356  -1.7494099065553201
0.8181084059781211  -0.3585071861900853  2.072680388230202
0.54917700330348  -0.20320570193865706  -2.9226627755936603
1.0850026018870982  0.4695244005288506  0.8111903283566451
-2.0361804110595396  0.9993147616559348  0.022623018343605895
-1.8039615032273195  0.2909795384803026  -2.3412380733037326
1.5331914996713802  -0.5055050906197248  -2.3941417914223386
-0.8019365434307163  0.09842572854688657  1.8165738660310544
-1.3593734839459195  -0.5586951190042578  2.4265575746146495
0.5294279366646376  0.03331535026880751  2.5470303586848084
1.0574741653171338  -0.4400967744902188  -0.943160259146659
-1.4094031536145655  -0.715292575938797  -2.095450374211181
-2.509979409392677  0.8419369459494052  0.3702643245692075
2.4452503001756076  -0.1516382259700318  1.7179546787332458
2.41620668769186  -0.16123884916791922  1.755968920869475
-4.715198841510626E-4  2.6565259452872547E-4  -2.999999817619757
0.12969737946158222  0.06358046097741096  2.9820256071538616
2.17436890743713  0.845198062632718  1.2193788785589381
0.5698203712894436  -0.24955067583449667  2.8999418508423904
1.319391802977372  0.6503256035658044  2.27831046837591
-0.9797133263318011  -0.040979214247496766  -0.6136636732181904
0.8646961521372293  -0.16577850577976191  1.588352202710017
-1.0290762695527405  -0.24216563422719414  0.11307827199490308
-0.2664708896035489  -0.06062912088632445  -2.9861405736281776
-2.091463113738266  -0.8898891203226663  -1.1538250752303298
-0.31807507323768136  0.045071242813826  2.9820370056006555
0.40888864873669917  0.07750324350129549  -2.968798161398685
-1.0711213822089154  -0.5164095480569487  -1.2404516088506121
2.4980316168849654  0.7941415698200955  0.7259775027589046
-2.686203886179057  0.5844351746767464  0.8253373170110228
2.1188395836031413  0.54104897728088  1.8806460921414876
1.0159344090282758  0.3215397944638037  -0.834665134418623
-0.9397510777785598  -0.41877766879117095  -1.6924696634623335
-2.331702651061048  -0.392565797812279  1.7550780819574257
-0.7466523951566807  -0.3242619217144679  2.827961305293363
0.9687393611259815  0.12522953630562722  -0.8344148892414261
0.44584325420346393  -0.05490570410232655  -2.9651255160897643
1.9609790598358616  -0.2964480565933283  -2.209424189269966
0.2005817101931648  -0.09750412016100363  -2.9856632341107323
-2.072727703524173  0.9493653450338919  -0.8276088944925175
1.870691394897165  -0.6018034247330728  2.0524708147892587
0.008712425375423893  -0.002788217325966633  2.999982750354404
0.35702893662273005  -0.18822312584707662  2.8742074138748483
0.9970607466991438  -0.1430275439925542  0.48876971754553566
1.8821011503705432  0.5844065655565231  -2.0636408980510543
0.6492435851264331  0.21446189248901057  2.376458973576408
-0.2903918413272755  -0.055423687631812275  -2.8756272970650683
1.473618768254289  0.08901980874679304  2.6085519538880364
0.38134290206668175  0.13396383485817007  -2.804479860737372
-1.5193494336029216  -0.8614712748552276  1.1936690682384228
-0.6929348754426436  -0.31184900250746317  -2.3849214728934722
-1.5677554364408037  0.869295239046257  -1.310422896938881
-2.588871514235113  0.24680211714169026  -1.4534389572203152
-1.080558213681617  0.3596029763514926  2.714107769125154
2.4160202561573154  0.8954943188262807  -0.34900339416365256
0.19221509317736807  0.10076589025707222  -2.96374939598716
-0.43560278181330325  0.21954681004007776  2.797432304426274
0.8695462404893557  -0.49863003286317986  -2.3693471377623476
-0.6783328644635238  0.17591420629184945  2.2688636530490744
-1.0681182174398822  -0.5378532863930711  -1.3896260320665876
-0.6237474559723835  -0.30993291644308263  -2.559374847761806
-2.86605952194929  0.11381484826688748  0.8641465232307404
-0.7184407808151562  -0.2850011508955443  -2.2721789838161754
2.382489829062944  -0.14433279861491444  1.8057963328655324
1.9807779207440284  -0.7384298370598116  1.732659156469702
1.1874113373226107  -0.6721811285937308  -2.1009988597307623
1.100308109579039  0.36340591258090676  2.7046008352941593
0.8668724442481495  0.24635126484636108  1.6757703313541712
-0.450097057351202  0.2321742494878728  -2.790124249420923
0.4673119457233983  0.26856476205569785  2.8649713357385425
-0.951333594640481  -0.4526660874619646  -1.7433275084792794
1.9969586613540753  -0.8845688405826674  -1.2802397369327523
0.9054076516188354  0.104826641456596  1.3121383304036507
-0.19660220928322564  0.10853807780638079  2.9659449088037366
-0.42562226445569673  -0.24059237957246754  2.9009179036506914
1.7197424660247487  -0.6591976794967619  -2.0886979342178833
1.8486434092511188  0.9820091117236923  -0.4008969282245037
1.2130919969544103  0.6614242546231451  2.2113900358642873
-1.1653637016118017  -0.5601655343503469  2.4819606695688914
2.4931422434362314  -0.5073022210703397  1.40035501590326
2.384083787272627  -0.011557883977470975  -1.8209183746365816
2.633288241432403  0.11653418399084736  -1.423001178661812
-0.876822046919282  0.32866045783498865  2.796247599995621
0.04675235778726979  0.026729907671496207  -2.9987382519216155
-0.5644762158066323  -0.32080053615890913  2.736964794799013
0.6042713019874807  -0.12783643545932805  -2.929555767926113
-0.37949971160875173  0.05039870254830223  2.7797278802524588
1.5023798464696232  -0.2347296803715798  2.5634500305590975
2.1154890287730064  0.6294884776888536  1.7756103330409871
0.3303769456160154  0.05537347130307538  2.9801422025538495
0.9757701581789994  -0.03228701907325774  0.6635062882701901
0.1038552331959377  -0.05435414447110797  -2.995521595247725
-2.63386050178063  -0.5047734319910158  1.1197250443177553
-1.5662247517697587  0.900849588357782  0.1439374325801107
2.62277652753143  0.6111841932213102  0.949122600097726
1.1490488827016403  -0.6618066977610768  1.8292537855279538
1.2818698930307342  -0.7359570874537423  -1.3097583660644818
-1.4851688488431996  -0.4729156373436128  2.4498962640942414
1.0202349161993398  -0.20036054618509094  0.02806458947511993
2.642401443786202  0.7651466919474377  0.08582667022077389
0.08145313038115003  0.03095491367280854  2.99827950383782
1.8525958015130912  -0.9382181047090338  -1.0355327655337043
1.569771952596602  0.5162397846772155  2.362204349996477
-2.0201277877103694  -0.24029961105421127  2.177635200081126
2.6075410210564414  0.40691827009738285  -1.2981300792132722
0.8715098750735331  0.09336163718996424  1.4977117379286569
0.005769846637432251  0.0012155561674363955  -2.999993659922941
-0.4475977914080861  -0.17335741776805189  2.7375415413548927
0.23443521335522058  0.1307054137392225  -2.9721298313269098
-2.220494467198018  -0.975379955026848  0.010038069951347891
0.7565644650388523  0.39005346553974346  -2.358797754515461
1.099327979939277  0.4407056246654039  -0.24756727620090171
-0.9622301173766211  0.26931837577986  2.797751333365835
