0.5836333835062273  -0.3368907246134077  0.927115108431547
-1.4178988720885592  0.10422713514812287  0.45464996626347415
-0.28082250584159435  0.016683554932634306  -1.4731935557874951
-0.39313349223383354  -0.15482234406186685  -1.0474110759087307
0.5345016814381128  0.1849719693005702  -0.0972425884820391
0.8762241911705428  0.4711161231237077  0.44263893472851895
-1.3025423547144133  0.1572288288023397  -0.69105959976417
-0.43843328607389154  -0.1757345137936085  0.9100149882648743
-0.07803861889370921  0.04399210118982417  1.4899980653619787
-0.723157750617657  0.4173796406324878  0.3232750822316771
0.5834440195571844  0.32567767671311854  0.7199773231233759
-0.785276195857315  -0.45138196138902387  -0.09607021550143321
-0.8325113637663782  0.4578315473166621  -0.5074574517076691
0.879371090097391  0.38249400095197955  0.9254565318828762
-0.6239558429363905  0.35507225356690425  -0.97184398022967
0.04825630593094761  0.026088199251506537  1.4957035157110627
0.9691457855213227  0.4986793199689614  -0.06132377232529822
0.4556285657050829  0.05651793814511597  0.6407795400280468
0.80772554152982  0.20336345447534326  1.2084851913279009
-1.2301516506822014  0.1870625191891941  -0.7924496982257381
0.34562898645051676  -0.026797660101594466  1.0868983705054371
1.2987677905464516  0.2135864821800785  0.6485024241452112
0.5125233522201705  -0.049856381791838135  -1.4070378328153743
1.2440781333075313  0.20833941031290057  0.7525507287872564
-1.3138318253263617  -0.38794934729923636  -0.06329221354944492
-1.127200440491753  -0.43934937203465524  0.47490283547871964
0.34401662862273674  0.06864159705405155  -1.1082313335254457
-0.5502831139438129  0.3164143231882867  0.9629023231310232
-1.2953075963751877  0.4033026636609396  -0.024065653271244547
0.13363971523288576  0.0015831019865840978  -1.4454364033406357
0.3459241639623146  -0.1061884667873019  -1.445995058437278
-0.3358185324503539  0.16173362361194193  1.418937483747058
0.6849071183383886  0.367331755435339  -1.0020021524042828
-0.6872949877849909  -0.09659976072143485  -1.3224129466531722
-0.23375111531702686  0.13122771520997534  -1.4420414827372925
-0.44803560472104415  0.1707643478136064  -0.8548021170906901
-0.646801619000875  0.37087633582851737  -0.8753822613839723
0.6129769868870032  -0.32711328566891806  -0.34451035236416466
0.33687529081591117  -0.08454450161032856  -1.138072352616498
0.20451522780000117  -0.10509762758091143  1.4663777395123065
-0.48480945735960895  0.02735949956324486  1.418697777626138
-0.274954975465591  0.13816289731764422  1.4415900484474842
-1.1526404617957688  0.17037069386914394  -0.9118060306457336
-0.7373956908347953  -0.09165478755928208  1.296320882262462
0.4029630992442908  0.05922441661966005  0.9058183653504486
0.4799556726132753  -0.20522709049870524  0.7780965094185497
-0.10707225784298861  0.04729833304038411  1.4730450531267447
0.042396612509766486  -0.02344378612126469  -1.4982419797089062
1.3988210532939038  0.17200994365285247  0.449974583091009
-0.2296680228008149  -0.13179768763328595  -1.4358042962972564
-0.7307984198518118  -0.11924745166132512  -1.2928644083590464
0.3332111192470997  -0.16450213604787542  1.416439129030973
0.7821624979832544  0.03773906714340795  -1.2782543339872896
0.2785487754598599  0.13908875350018884  1.4407940983584082
-0.3202738305191934  0.13828013382406482  1.233729869087158
0.6861463854715375  0.3630531027688506  -1.0222263880861056
-0.07438304709138686  -0.04246529370469446  1.4936681772413158
0.1755893204078705  -0.1013138162916632  1.4568108168627654
-1.0819244331245543  -0.32991660291301417  -0.8364363950284799
0.7513281837730628  -0.4331025892511054  0.3411166088502647
0.39081387640140036  -0.029660731724678525  -0.9398518286219786
-0.7991189745521563  -0.3071005279847  1.1163617523315206
0.3115478607845541  0.036501101615863986  1.4658979849355376
-0.17541743614104435  0.09567776092030461  -1.4710426613944185
-1.2219369328151126  -0.4056297946611151  0.40563504919418236
1.2194563890835277  0.17237507827168638  -0.8191652874164232
0.66895939151201  -0.36848742478680285  -0.9777715339547133
-0.7078508116951169  0.40580030103484366  0.03660098955051608
-1.2795046493365168  0.4145435321165502  -0.011441988066272208
0.7673294526676204  -0.21620567245682998  -1.225530825023709
-0.5480092058637991  0.23677935317138596  0.34619700763291406
-1.4375860949139654  -0.24008781468077275  0.05353001101524797
-0.023774692930604205  0.012729483971689402  -1.498937643303638
-0.013261230126788707  -0.0019455264521947607  1.4999374672362853
0.11765436582970584  -0.06726463402544808  -1.483940337362121
-0.3981134274928416  0.015551116486702387  1.4459524621655049
-0.5466362348629866  -0.22578021641795726  -1.3206102764492502
0.8915103522644185  0.28974069879260683  1.0749502355661487
-1.0073564231575853  -0.32939809512080254  0.9203074776512827
0.25536926060771775  0.122690442399027  1.3507167452989508
0.3323768559799903  0.02673798545877403  -1.1234704860993692
-0.45954631924893335  0.14055337437017415  0.7327282151090456
0.6550727033504  0.37626244915489043  -0.8384083695095688
-0.014461535370900204  -0.008320950214582868  1.4996976594585794
-1.2230475198128548  0.36110185083680363  -0.5511717183025553
-1.1737217426806472  -0.10507334616519284  -0.9158892028128637
0.9384771397940217  -0.30275024836149567  1.021264113750897
0.700801249789076  0.38893026799535596  -0.8886718751082795
1.012567054920965  -0.4367561693889028  -0.6495572137725524
-1.153623622498702  -0.22336409864615298  0.8720962885083243
0.1615807555005902  0.04649835820942619  -1.4266774287578667
1.2174464158652125  -0.1037681371830953  0.8574175384308828
-0.7740440781318634  -0.39929181472109726  -0.8993806571350936
0.5289431992089499  -0.2580288248871822  0.6724846144672639
-0.4362709280688447  0.24850267816608781  1.1659000613035786
0.6387583750924242  -0.3665431299666299  0.8903790628717252
0.44227655161944857  0.09066243583619506  -0.7517718415057872
0.32062345466974507  -0.1163532418136287  -1.2069806686869364
1.4738108058067116  0.07320098565389707  0.2484891368237182
1.4749066738430983  -0.009359568470895401  -0.2727406882214345
-0.5849797771860025  -0.3376810094187709  0.9519845975531656
1.066377940754324  0.45375916283379913  -0.5061800713365695
0.6447338940962173  -0.3531491080503119  0.14183974255994392
-1.3358294831942343  0.29950875128626875  0.4176821287285929
0.7336965478833034  0.42086927239461885  -0.5778714769932435
-0.6497113077625553  0.02276412474347353  -1.3514132352682382
0.7298188731526924  -0.2591349521333115  1.2117234268994652
-0.10249479420578686  -0.04989227027069376  -1.492493575858958
-0.46383716853891627  -0.04184428454475121  1.4246183098886358
0.32126575278263536  0.02843205105426464  1.4643545814478016
-0.8289204142199946  -0.4693583434507118  0.11051475862941232
-1.402228892995857  0.2851530665442969  -0.15384167096868107
0.15738076581464464  0.06293532172608557  1.4864389308727664
-0.4894365378500481  0.25166117658462994  0.8980405933573209
-0.4391807259963274  0.048500696129167846  0.7317000625567149
1.497454376874427  0.00732067980983415  -0.08642688445705446
0.7152636262113996  0.34320125804353663  -1.087871219156215
0.40760432137094904  -0.17953370036981042  1.394862955230266
-0.06860024043352339  -0.037139644596890994  -1.4957096779935934
0.919964609919951  -0.21096360370963682  1.1219151154224059
0.4526342779107381  0.1518524137929747  -0.7923581657289192
0.14078924068613383  0.07745899422649674  1.4808542877695088
0.3329379108566347  -0.10213894376301029  1.4500605176073476
0.6594307648463287  0.3512617649117364  -1.056795824983287
0.7337635841267466  -0.4186316759588315  -0.6433077353929728
0.5728623640946667  -0.2823620076343784  -0.40592573089630474
1.1230429625950893  0.24737191952955428  0.889249413393067
-1.139310669264361  -0.04339429298315907  -0.9727845008349143
-0.5831195968479637  0.276963982427884  0.08207510277321842
1.2940308952662667  0.15788046904172576  -0.7063973844791933
0.27727350501097064  0.12193731657617403  1.452395591800321
-1.1204679780865332  -0.3346109084191241  -0.7787630650331687
-0.5503042754544606  -0.23118235213600843  0.2553892572450634
-0.5434833906224269  -0.3075079829465502  -0.9065092020339081
0.34267910984779815  0.13875066928691684  -1.1771868754325923
-0.3814492455858411  -0.07044005576506861  -0.9929388246938535
0.6210082746778289  0.35396343368136485  0.9712267678595701
-1.2013154847864849  0.008875936030389265  0.8981117636107891
-0.466887255975034  -0.26539938441652594  1.1040074263591577
-0.24313801341269495  -0.05563675429896503  -1.32159267096401
-0.23991326602492682  -0.13081337611950797  1.4454208327876477
0.4734128809815763  0.11621542168313335  1.4075956884737366
-0.6717833186744517  -0.38285394305816944  -0.37991588086889855
0.46040400690631283  -0.23975670456780024  -1.31480284646466
-0.5163215365720613  0.210401005708532  -0.5426434886716905
0.764458312496342  0.4371443100292192  0.47289130745470515
-0.5137808745458954  -0.24175582066807078  -0.7025996567325195
0.9225481429236968  -0.4658973100802137  0.5437422620844643
-0.6227764066625917  0.31008688745795504  1.1766712111592497
-1.2381552469378299  0.4358522752261154  0.12334272079502859
1.3957631583436192  0.2975424512926144  0.12959864214140263
-0.910627883863166  -0.28584360312980195  1.0643315150090116
1.3339897918056565  0.3683726706915304  0.10283962822574516
0.5847586249275304  -0.325604805952689  -1.1044687354539433
0.9911323071822296  0.2705735309972268  1.010086132155004
0.4067238378763768  0.23411159174160942  -1.239301203392405
1.3595977086928364  0.034669014023359694  -0.6307810464829919
-0.6271480428138879  -0.3620706380989497  0.8143403616330285
-0.1934576366953391  0.0576791721574601  1.4835931797098714
0.7479664864673342  -0.43080899744125356  -0.40492198889450115
-1.1507806774722529  -0.44194519830649565  -0.41207196111247296
-0.19213093698579042  0.018236959942201137  1.4873043647080237
0.31489694219210745  0.12999362151558463  -1.2359608052417097
0.592169966189056  -0.19537400132236432  -1.3275008453299286
-0.9109984359928881  -0.48314438068012644  0.3357049639084374
-0.08308401795815047  0.031053002443599195  1.4823403226619933
1.4206069263938819  -0.24501036901276924  0.2082559825089001
0.3023874235128381  -0.036897312884896574  -1.467782102576868
-0.5591574914857047  -0.32279842753492205  0.9909066520485192
-0.26076640684324265  0.12107630462501244  -1.4545251932209005
0.9325498618653936  0.15409821048324562  1.1428333895295815
0.2125712804940746  -0.11250702999861022  -1.4609090351640242
0.1889701774683757  0.10869389472127051  1.455760043791336
0.09609040506410421  0.007857440380346031  -1.4968565527036426
1.443434799614736  0.20834300638125058  -0.17909147013209825
0.096759581370954  -0.01592090182822891  1.472430551723156
0.9127992224215316  -0.4220379134385402  -0.7838091877458371
1.3948165362879794  -0.29229125741789524  0.17346065073049555
-0.9744844785970183  0.43303249690731577  -0.6996764075112488
-0.7981403074462127  -0.45609835081953387  -0.2285964844467747
-0.510870880893142  -0.2875628799486142  -0.9802706056157646
-0.38192424179924334  0.13754574166836475  -1.0589567615683035
1.0689690455302787  0.46902064944996147  -0.40910427408307054
0.1587949742719822  0.0012252406681961482  1.4223469747737785
-0.7740790268771821  0.41753163374948543  0.7948119807857534
-0.5135606875163798  -0.11573106025561368  0.012675500806603398
-0.5155881409915443  -0.2825824761088224  0.9089114531138922
-0.8178713356522027  0.22494919677032676  -1.187336990938656
-1.295633022492278  -0.18458788254742411  0.6825733191847626
0.45823352232719716  0.2089446451488123  1.3587787485366618
-0.5597939404329358  -0.2841970659976524  -1.233847223409482
-0.8431415403355599  -0.3462895523002864  1.026542750034467
-1.1893148177889534  -0.33282447404573356  -0.6773350504592578
0.09151849545765271  -0.03205968377774172  -1.4780305858672231
-0.3527157990495505  -0.20215892460074308  -1.300247079125002
1.2294047826401753  0.15435198789298735  0.8156955018153329
-1.1795688731172052  0.24548505698588238  -0.8156297560776004
-0.5932216693791601  0.29330444755567775  -0.1472064877383854
0.02778714135526104  0.012458878779826031  1.4995168532746697
0.8444741223774932  0.45744677660704053  0.54682106759121
0.03275984638035022  -0.017990891593770295  -1.498092222617951
-1.0887308733350958  -0.28038489404692246  0.8959255243413731
0.03944030717466711  -0.02088960266919407  1.4970153577508827
-0.5303581133299835  0.25916950240671854  0.667777775278211
0.5718817732933736  -0.32841787080329604  -1.0359328494119646
-0.9994770039693057  -0.48843433767056316  0.3141160286340911
-0.27223752702843385  0.15500202747129202  -1.379264372479075
0.6988023138892682  -0.018413888391121996  -1.3268975287029023
0.7758005906928528  -0.44647847871931223  -0.1758725028311186
0.7259284346973583  0.00248436612239992  1.3126345230670435
-0.46117221161550653  -0.014988880769955323  0.5812957850346816
0.8846794914501197  0.2793082381006578  -1.0917123018980255
0.004105454151092987  0.0019471316090198469  1.4999628845208777
-0.31674443748739123  -0.16028935847673026  1.2775988572888108
0.16052400321200525  0.06726918516268719  -1.4851382920017875
0.8428831196558444  -0.4728028015444109  -0.20296105913047574
-0.6047546677385127  -0.08800060222804511  -1.363919779343726
-0.05527026711336101  -0.03183654529773953  1.4961941744176463
-1.4931618996809126  0.05481914508341408  0.10692923297783277
0.4348464458748953  -0.019244937784012168  0.7426396833686669
0.797916648664045  0.45712976496766605  -0.09482819130241342
-1.0573760303916782  0.07144139947478023  1.0566639670039033
0.5628747698789821  -0.2576578124332716  -0.3044745139598598
-0.4313021877706889  0.23338976302409073  -1.3201186215046248
0.11505832190787355  -0.04823817077524542  1.4677812396948182
1.3506333606580099  0.25333863485587815  0.4717123232357059
-0.13605390502198897  -0.06772069681267145  -1.4861769235888338
-0.48782580831450395  0.018056450865698855  -1.4181134863863956
-0.9450066515598253  -0.40260201106380744  -0.8257903073398514
1.0344023520615924  -0.4972677542794351  -0.11015326881801443
0.6506249058259366  -0.36544432740700133  -0.377212029069918
0.4437344198357483  0.24820534230154578  -1.2827388218018005
1.0542496187921842  -0.18595874896403694  1.0147581336453673
-0.2757185214306044  -0.011704445434486165  -1.474302275951279
-0.5956331079338121  -0.3026558234894526  -0.2777083499343608
-1.1174862798175043  -0.2013327606667885  -0.9345543198336626
-1.0897266934608663  -0.019679677539956423  1.0302103162765825
-0.288809916172929  0.034313478128730285  -1.4707073708051965
0.8785936323412828  -0.48291711670536097  -0.18697810617428584
0.7536584351825053  -0.12284520155176294  -1.2786110377418392
1.208766899053061  -0.18266874655758228  0.8277844436985308
-0.5760243883056909  0.33170369657986315  -0.9085408769312628
0.5181491089530144  0.1336366566473712  -0.019464652330077038
0.5483103055373757  0.21455667117945756  -0.025471177478390068
0.4246766206097036  -0.1974977851951647  -1.0187069902385306
1.023466996555542  -0.485358197850113  -0.33030265792500646
0.49432771421571264  0.2848706436110908  -1.1009706718683292
0.9594843352614255  -0.26592832894624463  -1.0437860082139316
0.2611418236528005  0.016226971563484262  -1.476824431757054
-0.1717502879675135  0.09512701658225735  1.4707023196685298
-0.6293087386977638  0.36325871681460437  0.7962423186101613
0.9444349259609965  -0.2231592553527235  1.0931414312724694
1.2295969962118136  -0.4181923664796983  -0.31945858724170445
-0.49677016276303687  0.1319006058564869  0.43789079628905353
1.1016035378296323  0.18586093542658183  -0.9634376474911207
0.793492361934276  -0.05920814404704285  1.2687649448564708
0.07035683872527887  -0.014457900371269957  1.4981256178318294
-0.649243837526233  0.3732094813725429  0.6349188621035429
-1.2300701287621798  0.15821535615077578  0.8123545237213353
1.080376671190427  0.018637362779246547  -1.0400690982373337
-0.31071005341183044  0.026138614188783712  -1.4667609172939424
-1.3184576193736162  0.33012225624901664  0.3881993810134873
-0.19240789117943727  0.11075029044844438  1.4457441906640542
0.2127055733916234  -0.12115261973047717  -1.4276632117384156
0.037316548410484165  0.01422323259944323  1.496482708846879
-0.494239577710309  0.21958219468832227  0.7411432724296763
0.6590771283721923  -0.378990544439204  -0.5945101787908932
0.780584968096632  -0.4491515168419028  0.09281167424954256
1.3539918314677761  0.20023154085739883  0.5406917247688511
0.2282619615110873  0.0631355627717757  -1.4779653058467142
-0.47401360940561965  -0.27325366984133015  -1.1405657974278642
-1.065311635283984  -0.4888423714964396  0.21780240913571342
0.34201849278453966  -0.06688386354619259  1.455604875901553
-0.48965226114477817  -0.2780077946477563  -1.2071001909153332
0.6115827887187453  -0.34634200583360053  -0.6696506386788852
0.2525351909579904  0.01537376246846951  1.4783480496120038
0.9623275485987153  -0.013567377811869886  1.150379634421231
-1.2430789531654787  -0.37130547721656487  0.4762982002255737
0.3319828168369669  -0.14694440827170918  -1.216824230327394
0.3158515378832327  0.10264676615362116  -1.2053926220475066
0.5025738353942948  0.1351321900772072  0.3844613511191176
-0.4242372479663922  0.24103686080066594  -1.2854230916184481
0.010657895805306255  0.0038285347529277603  -1.4997067424042783
0.5377819950639949  -0.26674300099700615  -0.6521837492838478
-0.7157930378087027  -0.4132595495543047  0.4379693774544509
0.17430896732458337  0.07529631142592932  1.4817982733209485
1.3410404591207343  -0.3071648793545084  0.3799182933182055
-0.19043547866748364  -0.09387011404759586  -1.4733070759531581
-0.9080205426275979  0.4682077097038258  -0.5183988727028216
0.9241145537023643  0.492436936921937  -0.14928068056918017
-0.9671011700909371  0.4051952527500321  0.8000615888372931
0.22133973478619356  -0.109575014384525  -1.463522577770684
-0.20327388905275617  0.08455968418993262  -1.476300189649837
0.23094184108245763  0.13197230542591123  -1.4373568036827116
1.3194122384749978  -0.13086455766358662  0.6760216171874952
1.077023174964145  -0.40375209531830497  -0.6840536529891312
0.25966887632331553  -0.05411138049461305  -1.4741693139901892
-0.359702200650919  -0.06798695786977098  -1.4511932592984311
-0.5124658526711452  -0.1670077921947009  0.3917066159222199
0.7680269881153969  0.4427035356709567  -0.15086460946456232
-1.0117029812128293  0.49482577352144663  -0.20567434809539453
0.02889451246938996  -0.012522901050572851  -1.498028582253844
1.0841257797780512  0.06391415903457279  -1.0307046171911738
1.365824969986108  -0.3345325663251562  0.12452000844554834
0.9044640910625003  -0.45859281687953884  -0.596397724528945
0.7483840766815875  -0.3133044110116691  -1.1343920570294361
-0.3544038436566917  -0.05807342598343077  -1.4539104376873693
-0.10335811146242015  0.029837334661555134  1.4704590534890398
-0.7631047932513217  -0.10612723223804704  -1.277838921032156
-0.7779667047982407  -0.03962236716241782  1.2806403137847524
-0.5458991045705907  0.2144050805855788  -0.15548496557034813
-0.6529881218166281  -0.2945849879510867  -1.2011379036806815
0.37373507093504393  0.15001936639689778  1.4215165346845517
-1.4983058775625244  -6.922325942388043E-4  0.07126050591484692
-0.2846777868287273  0.1571847182844398  -1.3506243604145958
0.24909848827866357  0.10604277358015964  -1.4632663110154305
-0.5064132950187433  -0.1412571616992861  1.3877105803881704
0.31900026121559716  -0.0025020982566009674  -1.1550782857858404
1.3823454359083407  0.32053317623070177  -0.06168741743092
0.04465706943939978  0.008209622048239875  -1.494211866330112
0.4486309939820854  -0.027190327372327214  1.4305593315737046
-1.3326187715853868  0.3703563803189606  -0.09209396559302184
0.05266654138340397  -0.02565882335640357  -1.4980186149782981
-1.4718895415537885  -0.14867791465084065  0.12725963720632788
0.7590083411197275  0.3593333013407826  -1.0372305995224151
1.455275969686353  -0.16585804567069046  -0.21910073468067465
0.30413069306301344  0.16177991672415412  -1.312332615971854
-1.2745196256606024  -0.4081188306955553  0.18528632708615742
-0.111564031946418  0.029658054477719607  1.4649954287551923
-0.40659570625266916  0.028359159918778146  1.4430001629100615
0.29574899737067073  -0.15897295009757947  1.3269481850843645
-0.5092357764642348  -0.16540310251712317  -0.4217852351850022
-0.948780953916543  -0.15639229381352712  -1.1284148611214262
-0.8610451642605759  0.28878510912368377  -1.0986781792406255
-0.6228532130530615  0.34424962919970675  1.0556534485244633
0.06667512148746814  -0.004118365468521211  -1.4985003345005992
-0.7788603668036459  -0.4484378860956582  0.00751719343713036
0.634549058387328  0.3486995821080999  0.32790088521474586
-0.6926470605323416  0.20215115965796157  -1.2765536670054447
-0.37946850777006375  -0.21432559848595611  1.3368789674703998
0.5356145700083319  -0.29901239978669814  0.889474575964472
0.2961985911744004  -0.04094094026295378  -1.468703347990206
0.449808488613256  -0.24810298822296353  -1.0880757252759958
0.26264099914064626  0.1515644075649221  -1.4080066797593975
-0.9129190390093396  -0.1815136412996051  1.1452075667104822
0.7301128970512393  0.019182111002563458  -1.3098970010275994
1.2012388686945632  -0.3096732549103147  -0.6981257370678545
0.4811716420807491  0.22509223351937946  1.3368392979285895
0.6128300153153836  0.23230354650308385  1.2911970615444925
0.7743601988287693  0.36076448239167835  -1.0290473643920013
-0.1065815678700802  0.049896116553790254  1.4924018341585799
0.009153892350506296  0.002570925168741789  1.4999645676411577
-0.5632365211105965  0.3032738871277206  1.1822257355448234
-0.9422701476861933  -0.4870094539951444  -0.323893380760038
0.24587167515829828  0.14128097214067387  -1.4251796067524825
1.4341778824770997  -0.1782424879829183  -0.3091305335614709
0.6969994369558135  -0.40007791742526  -0.3035075715680084
1.0340195822781137  0.41082077506447895  0.7165418730896025
0.33495431243411233  -0.006095893813968055  -1.4620855219190292
1.20791929069998  -0.4397024037345902  0.2544575438422666
0.5751240993713514  0.10125618478350493  1.3736713818489075
-0.671939836651817  0.28293378629045973  1.2117233066702093
0.18067667725610825  -0.05701204433940037  1.4852202956276193
-1.0257065745429808  0.17965739138160172  1.047101714708665
-1.223201132533564  -0.4320999745616481  -0.25079761705490994
0.20070166628277397  0.09454904594959683  1.4726035295263205
0.035336196193865556  -0.01725606723581427  1.4991045539065482
0.6684694045709677  -0.3846292275948823  0.558854865440726
0.14763422996094683  0.07699508790729138  -1.4819602508715504
0.34331833768295644  -0.19586900648985175  1.3594404797438442
1.1453711911054039  0.3280670424115512  -0.7547879196926747
0.6893934140362945  0.3965697173969735  -0.7125355955264234
1.0293847048150764  -0.2387055025057373  1.0021972309079779
-0.535169840236358  -0.2180952941368984  -0.3861998466121904
0.8019199638162149  -0.3811587261443948  0.9647193925095136
-0.5672039199613816  -0.2732461093787092  -1.2548551169070044
1.4734327056821188  -6.194751129040743E-4  0.28106033262934627
-0.17785128429224406  0.08522483703358943  -1.4779066402983785
0.38788742764732353  0.10362295062343797  -1.436472882586605
-0.08561259359605375  -0.02866140301365731  -1.4965636717656587
-1.161425537269642  -0.1266832947782849  0.923076291273284
0.2678173270559295  0.02192197291285341  1.2683866551699625
-0.5649289265119086  0.20212465136289084  1.3336947053391235
-0.357834548137476  -0.20634360487427994  -1.3277079957133855
-0.325593012761598  -0.18083151930878572  1.304687846618379
-0.48120969896647814  -0.18269125770211617  1.3748248774073324
0.1307065959812081  -0.028995848394755  1.450520684811063
0.5704699670861493  -0.32379557763491534  1.0842709465402962
-0.1553297837493272  -0.08844072610081753  1.4726898496149292
-0.35313457615711724  0.0031210369166884706  1.4578294636491862
0.9818327297455198  0.005895704963309099  -1.1339753997107236
-1.1200324498200167  0.3548997712303059  0.7417090223340359
0.2674852616589344  -0.13929233464905474  -1.440155651177477
-0.793086909568185  -0.4522029444113251  -0.33733117407261526
0.33897343529360635  -0.17405741728967902  -1.2474987209480606
0.6760873165579515  0.12809757034562566  -1.3194222538353364
-0.7671464666103729  -0.42148721388216454  -0.75078813346435
0.3886112685632055  -0.10710648040240334  1.4353124121867689
1.414010266847253  -0.07920896361021251  0.4813146288520431
-0.4864727874415561  -0.1964608882845172  1.363456538727839
-0.1644131996024757  0.01980061863714503  1.4905589370845567
-1.0983310388278984  0.45774758275278415  -0.431569884853549
-1.2384271711520702  -0.3100143660078073  0.6308540649888773
0.6634182288434551  0.380144424724335  0.5171235511582664
-0.4329283944726972  -0.2117245841340264  1.0241499252350559
1.4199054468281314  0.23866245841634515  -0.23542200572496708
-0.5141420134315616  0.29618175816806236  -1.1233163464570122
-0.4791759129599073  0.23020273827292376  1.330533685247667
0.8523930734176324  -0.42688015698956366  0.7809885091055975
0.5380264590630685  -0.07035433634107115  1.3947355931982122
0.28170441565743254  -0.15892495765639364  1.3643707436121684
-0.11735662372929005  -0.0319283308323753  1.4613709412753313
0.9015466740214577  -0.12766654106265346  1.177624987811297
0.6299160111224964  -0.35808818945531323  -0.6110661030000163
-1.0262601221611232  -0.38850151958604856  -0.78586692081716
0.8150567924517408  -0.43757513652648006  0.6930810306859982
-0.4455545064301985  0.08411155085087306  -0.7267757712026892
0.5035520858324637  0.2629304559851971  -1.2737184909394672
1.4809241377856202  0.07432348122730492  -0.20057145809258098
0.27770240569676663  -0.12226416417032838  -1.452172880735365
-0.5480628797203672  -0.31642123053035986  -1.021397440854321
0.9520839948078202  -0.3430232017640161  -0.950739731748979
-0.4935768617359767  0.17449855154822236  -1.376105338417605
0.41338549743140934  0.07023442037949608  -1.4365387900608186
-0.46695965663382183  -0.20524497362674168  1.360757612740812
0.5910576545456729  0.28906624806040326  -0.10620935528718667
-0.48065857023794084  -0.18252740212635793  1.3750945495837281
0.9528244905444211  -0.4270743808213121  -0.7394567218277187
-1.1241819126767725  0.4501096346226311  0.4253378039347575
0.49326317925950264  -0.2730150591884319  0.9900300587856372
0.2268621235896972  -0.1102221307295031  -1.3848835718942625
1.4324235148616267  -0.17984309767476472  -0.3142961623613122
0.36651348029418795  0.052712553428975274  1.0326109259901057
-0.9888338949351237  -0.3236970065202615  -0.9471547123742279
1.437714533005914  0.23348029869666823  -0.11268976713005288
0.8750929347189711  -0.2737271476543624  1.104752662698032
-1.232226547350805  -0.28413512510228  -0.6843895965546526
0.47751170908950985  -0.024991566711055895  0.45107875733070857
0.9422800698062145  -0.4857364482190192  0.34319572624861316
-0.20736373798553775  -0.022411411939090756  -1.485081341826141
0.395430070796417  0.1488302547915218  -1.4173619544420348
0.12578744599237046  -0.032362225981111256  1.4935488531968315
-1.4578603949709223  0.07683287691496939  -0.32689310434346386
0.13143726112720355  -0.026197497861444922  -1.4494225039046578
-0.27465646204372596  0.15471939174965815  1.3705895261526657
0.14987912766250258  0.08606346270158033  -1.46647760663828
-0.6462588756963157  0.3731124195690391  0.7552932944510498
0.5694377143829712  -0.2757070112064399  0.38757815709556126
-0.5676698225120432  -0.09056624432212597  -1.3791907350067563
0.628711275824905  0.052866527873223206  -1.3587669555855166
-1.3305250281909957  0.121484639424414  0.6594443808825816
-0.5395391811684644  0.10180343588937463  -1.3878220949454294
-0.26904734994019003  0.1436456294546694  1.435327075524653
-0.15356994199657373  0.08805427342436135  1.4718638002721416
-1.3195576516173895  -0.18836823856102233  -0.6316348859365695
-0.8791350228598319  -0.39843112803606134  -0.881538462863596
0.5237936179239984  -0.2764046614209389  -1.2460531846179874
-0.629726903791475  -0.1443169437569685  1.3362667101791796
0.7603626363956401  -0.4387772660908823  0.09870674362367599
-0.4478953252436379  -0.2345459619970746  1.3228376779536617
1.0188669975993925  0.472455450967254  0.4505515485065208
-0.6650498436327122  -0.24711697988788053  1.2553132104473832
0.8353337454135022  0.4717172902994595  -0.09796933003913375
-0.7608187404555327  -0.4389113303384465  0.1606057945815676
0.7258303422680551  -0.3801865553352982  0.9673896352767666
0.5884636252191977  -0.32560558456427235  0.6641559033584561
0.2600823061225963  0.1499757642968139  1.4021114202185396
1.4695829151020865  -0.002300240873211274  -0.30051652576438437
-0.6065915289635047  -0.34981576713462437  0.9206913203119458
-0.35314879419698475  -0.20269978225203855  1.3022501736222176
1.1474230754209693  0.04766198491297538  0.9625942071258158
-0.542483499202141  0.2691117264335562  -0.6273688768385989
0.6699334947781147  0.18352202747463098  -1.298953330660995
0.29615164774047775  -0.12015757313695073  -1.2669625737213617
1.1259514195541593  0.028488234968682222  -0.989846615395795
-0.8828524670644787  0.39086996980666155  0.9012566643334663
-0.5324177241414971  0.268654331455241  -0.705807638851455
-0.292791391019572  0.04535002830523297  -1.2236007654613614
1.0654253522471921  0.09550528400483867  1.0426750142749612
-0.4111555518347918  0.16613984784001304  -1.4037583954000756
-0.9236895653165755  -0.23264024331335312  1.1033186986970749
-0.4206301850224191  0.04655559676826722  -1.4375139123874767
0.4748931136442141  0.06767839651658303  1.417851738701168
-1.476825487710424  0.06588442854547902  0.23648512056089582
0.444163737628982  0.2513415657371297  1.1386687265889535
1.3606969092067054  0.2674606312645771  -0.4131383566593251
-0.4884839362782346  -0.003898667549986034  -0.32029329811657076
-1.1103231158404714  0.43536027552180107  -0.5235632792455155
-0.828258174027886  0.011292576209884046  1.250442211228171
-0.4138816231631427  0.22909469434712043  -1.1645458200785166
-1.021882612859271  0.05124022341714981  1.0944630760192542
-0.734123449171723  -0.40783920939580454  0.8007255459372193
-1.1943335056222937  -0.4341273707140901  -0.34090156673466654
1.0303986621577215  -0.09053932544602139  1.0786094448458978
-1.1596004724957951  -0.4731291523919888  0.060924155826887164
-1.0566987615732186  0.2444368107764188  0.9687450662034012
-0.43542296052988116  -0.25119423077008385  -1.2334392515918404
0.3548627365281737  0.04755097585676677  -1.0663909183370395
-0.8431024167202607  -0.4713628334681815  0.2683905733534496
0.2572748109435867  -0.14641761902556077  -1.424056022578449
-0.9175763663789231  0.47985454095357283  -0.39757144442009734
0.9519014612767768  0.4976597732632146  0.01539880366539394
0.5569053633187697  0.2901981021905517  -1.2190512846417094
-0.5946696357298527  -0.29195925082417873  1.2173200389845373
0.1049889463235679  0.040982824574266524  1.4722226091877304
0.7566623827982684  -0.43593670766378606  -0.32586238045649046
0.7457564431710908  -0.10079756034243155  -1.2893827690579598
-0.4584793624860979  0.1585720872784622  0.7753538674107681
-0.8368712162192999  0.1932192058074521  1.1949448377918257
0.31180594593277067  0.16708479686753844  -1.3049440172079871
1.4657099794545108  0.04234053617884158  -0.31033748196301736
-0.3817242778271442  0.1593580565330338  -1.4142962476852583
-1.4870412466040122  -0.08087406263473483  0.13783701791429703
-0.38584980388648676  -0.22254498053252833  -1.2965212136558495
-0.008324945761144419  0.004780385955900128  1.4998977378386695
-0.2526983647894126  -0.062101954877340874  -1.474251717092078
-1.476075707100014  0.06778036193279104  0.23952921260874394
-1.3698109187536065  -0.32613283605639304  -0.15752260594222364
-0.4071958776990959  -0.07391603731730205  1.4376883992001182
-0.4144507214935932  -0.18965702940381063  -1.3849181037645646
-0.5092307596353622  -0.21663230233164252  -1.3399539201021964
-0.8134764913181884  -0.46337950471632655  -0.13001555316272562
0.9984972256557643  -0.3855200702595599  -0.8221485057063392
0.5958973631651585  0.08916172438003897  1.367562760110208
-0.35684704203522605  -0.18425051176468313  1.2195212881959159
-1.0911974243655624  -0.4173790299109996  -0.6218609709625331
-0.4959559608651771  0.17967727569629083  -1.3722485842196905
0.034125853290977726  0.016848028289996674  1.4991476620794681
0.18263572080805798  -0.0980821230724013  -1.4363493621811207
0.2902760815051313  0.15997138642012057  1.3435027432201974
0.5366637488276693  0.27254056876590216  0.6962585809643226
-0.10872362907856722  0.022738993442622975  1.465733661705957
-0.06242382587892015  -0.0323990216706732  -1.4922593541559475
0.7510678837946576  -0.06984389497265378  -1.2926988011630047
-1.318201164419855  0.26170807738639384  0.5421695438073861
-0.8190651056759383  -0.2676569972088876  1.1501475047487355
-1.0794388448799785  0.2124682377851051  0.9700616659527742
-0.47706252536688126  -0.053831200155770545  -0.477442759192406
-0.9577435083918248  -0.4628050121550988  -0.5604571359682428
-0.4873810785919779  -0.18434384457389721  1.3719027422884622
0.5845333158988232  0.2111338831515726  -1.3196789868364291
0.587530126917188  0.29026007385674407  -0.24953810215344702
0.6082978151062275  0.26634073902111527  1.2559645335004797
-0.03803073831213184  0.020288010754913592  1.4972610507068673
0.5822890537066495  0.28413738671323374  0.26836099232278066
-0.42668900122954617  -0.1756830379285936  -0.9600830037876062
0.3925834918737564  -0.14155762048277423  -1.0286086443766367
0.6422178618483354  -0.3707555712092912  -0.7879234966813449
0.6572927145591329  0.26916968580880646  1.2350578882305963
-0.3666260428899848  -0.2114629201523728  -1.3175535579974813
-0.1758405963336982  0.006643761262593394  1.4896131651642475
-0.2679403735989727  0.1532282812882758  1.4145434325869053
-1.2356660584600219  -0.19273932126676885  -0.7793980523712728
0.7109863318328014  -0.40802111740919605  -0.024188091136178626
0.20838345902131233  -0.11580134520615161  1.4560967351405938
-0.43534074401940304  -0.23597718021600322  1.3154672785514436
0.42856532035148076  -0.21984978350423925  1.3467551001373006
-0.9870220088081092  0.29456910526815805  -0.9874674698012196
-0.8522257005137907  -0.2877639384989187  1.1061095639109582
-0.7695848078249173  -0.17659132552426007  -1.2474567988532164
0.13796760083426374  -0.07543154945210293  1.4820120901121692
-0.4450754371400494  -0.23813078529393214  1.0639071979781192
1.1367307600681327  0.33932362964206375  0.7475347349843253
-1.300397425396871  0.3957548317606393  0.11309757656327635
-0.3136919694129908  0.16998348942930724  -1.4073048024569195
0.28388241481227056  0.08401507767125231  1.4645865660414414
-0.23501141659441688  -0.029560274493487238  1.4805689689163446
-0.5033268545581455  0.1524986014086473  -1.3840816043100823
0.35833875362231227  0.18882586489919562  1.2268046227692233
-1.4604566875864688  0.1660943137263088  -0.18073934335314232
0.34974738243975473  -0.18561395554444962  -1.3908286256836577
-0.009480758066678224  0.0012836063956336325  -1.4999683438356222
0.9829170572637491  -0.4761410461100291  -0.44955376391147933
0.6395957189044155  0.36860097789507507  0.7167118639114655
0.6692749857926722  0.2913356096888968  -1.2008306799000579
0.9319851850548817  -0.20089107773180656  1.1185924619542866
0.9784091135490911  0.214944839633917  1.0692417867162531
0.29615060234950463  0.15545081278686596  1.318283670175729
-0.397852036616808  -0.1740728709928208  -1.400918180796431
-1.1359434941639175  -0.4439488754039393  0.4342484372679827
-0.4912832696767807  0.0323090902534007  -0.2952661266613462
0.17492439314528063  -0.056073642165438246  1.486013223241993
-0.4623363849567989  0.05429014456609093  -0.5940699889888015
0.9774784538653591  0.49831440870490423  0.10753241127632196
-0.30221610617958605  0.12735765161971807  -1.446275351564434
-0.5671389787417538  -0.32345551646831994  -1.0750278788774312
1.3998302744438251  -0.02298266641714984  -0.5374848397039678
0.4190259030307527  0.053929199755258846  1.4371742669407073
1.094654386733458  0.4816781118442682  -0.24028594550222787
0.8983751278869109  -0.4491258163723622  0.6592221722808735
0.20376205099214684  -0.1099344796561393  -1.4211043063763118
-0.10941455330353894  -0.059705404157228185  1.488784179465935
-0.034783886651905856  -0.005805216536988517  1.4964686586259666
1.257841783531007  -0.047080527743353195  0.8131238009801169
-1.0550768443267349  -0.24200999555394553  0.9726374541282246
0.662343852649333  -0.3769739554886098  -0.8817660787520094
0.2745908607872272  -0.04299294423448009  1.2602563385219367
0.3756446287597593  -0.15462574574638835  1.1047163198127077
0.4723370996834702  -0.08852249220684875  -0.5602798739538768
0.3404775505848018  0.13658720873316843  1.4352078870702718
-0.20033223928845714  0.11375756618176087  -1.4550490725186633
0.08559551490403787  -0.04935430801270896  -1.4906941050423201
0.42132101325038696  -0.04468346838307899  -0.8188221698526897
-1.4391958306588961  -0.20922283783485848  -0.2075868577975074
-0.494926164527051  0.19359185451814592  0.6457555460477165
-1.0101132324970465  -0.4992899360093961  -0.07239594900622061
0.28284786994765093  -0.024281127079494567  1.2390721008610561
-1.0091021264782036  0.2957743747292752  -0.9644826180055035
1.0000161036943764  0.481352608927756  0.39217163141079137
-0.2346892573642785  -0.12295796771075425  -1.453453623978392
-0.39868329637594574  0.16385062219232638  -1.043672922433779
-0.26485653539926507  -0.0735835134004355  -1.2921014140679161
-0.9116850320773807  -0.4875621665431479  0.245152657327939
0.6422140240076798  0.3664515917551404  0.9176492254255718
1.104215806232929  0.4886503164572035  -0.04779658357752582
-0.3436254844728401  0.1164942280337126  -1.443133378858081
-1.3780144385846258  -0.18790275938436724  -0.492051114890335
-1.22722753358839  -0.24396676348160953  0.7443723432999118
0.5879848285320673  -0.22932617564052096  -1.3033780488919886
0.6658870800526807  0.033941388362266865  -1.342804833739228
1.3781565096212123  -0.2257329578323761  -0.43749979264955297
-0.4518004598134212  -0.19682915636413337  -0.899896337150291
-0.5504019451508525  -0.05348207658358146  -1.39224761387135
0.10270293896251964  -0.05922889134828703  -1.485188337552219
0.3189305669307461  0.015236003618985234  -1.1561320234895645
0.6312276406316628  0.06688705177587914  1.355691738958722
-0.3420661932936192  0.056260940940043504  -1.4570837463629938
-1.031183723475584  0.42162010066861116  0.6852614688810759
1.0631684505851582  -0.04973035339172322  -1.0546227247407964
0.6627450133885703  0.05072682366535123  1.3427512707056861
0.24487776157438113  -0.0995063784046513  1.4663800412735921
-0.5759458562946251  -0.31621188850235527  -0.6934996568687729
-0.41732363577470033  0.23820232843214956  -1.2019452239521784
0.6474123747459027  -0.10020993344914499  1.3414945812885501
-0.02368161886091952  -0.0013590942252153103  -1.4998111921183794
-0.8790278537393259  0.3592978165993831  -0.978096351528583
-0.1600549207096111  -0.051037824237090766  -1.4883379472564662
0.5351591739107975  0.2020080615171444  -0.27133582148819996
0.3907471428447069  -0.12745557482910336  1.0155757611655416
-0.7800397375235586  -0.44802811743446913  -0.23880761050854865
0.5799233020384432  0.18494801258129856  1.338822401607398
-0.6498833221134732  -0.021959322171274637  1.3513706191768216
1.0929371378273234  0.4094182259334547  -0.6450400245818602
0.11670933166991411  0.03421250531530394  -1.4623499330017846
-0.5764007117011761  0.3102276159438454  1.165540658702616
-0.5920611079508593  0.1337863064637895  1.356947240620826
0.9899805519885584  -0.4479417984822292  0.621785237906028
-1.0979252100024186  -0.39044563850884245  -0.6918375905686354
-1.4198791067164334  -0.23338819699647248  -0.2522455315075896
0.9617384284570942  -0.06911605241509214  -1.1448214783390234
-0.4978532322587639  -0.12288455331488825  -1.3972374017364375
0.7212812572524654  0.3530331551974887  -1.0613138610624633
-1.2101450799130822  -0.23805870283585046  -0.7778469570274764
-0.22710952577778704  -0.09069784947479381  -1.471659183863622
0.3733006889844013  -0.20191950796752375  1.3676476586047182
0.8526316924967945  0.39071901149478205  -0.917576294163528
-1.0195040228244205  -0.26281819134672935  -0.9901398940483648
-0.23219141291210088  0.06377264832663788  -1.4772688284432105
-0.771686702215364  -0.4033712189507631  -0.8786887171631361
-0.5393368653877468  0.31079349006433454  1.0067746234233825
-0.5090397805851841  0.2751064630312646  -0.9037705858520002
-0.7192160445221896  -0.41523767295136527  -0.43263625105360504
1.2465860375003106  0.1250096732078127  0.8052471187286784
-0.15321167085278325  0.022216594205881877  1.4916424560292583
1.334008494682505  0.1794715701278751  -0.609174836604983
-0.49963999697911654  0.2651381723545961  -0.9051522904172767
0.4453853632183645  -0.006504677164618277  -1.4323075455822347
0.4032732378097603  0.23081884632587626  1.2969197966107449
0.6697495838432117  -0.3859154409059148  0.7528297963102231
-0.48714102723000086  -0.010309229416835802  -0.33941024224754196
-0.029945742065187554  0.01645485212059024  -1.4991428839509588
-0.015030851816743419  0.008638968246612989  1.4997266252697818
0.4887361983764902  0.15299359186155861  0.568407751796756
0.23169724770578876  0.007421964301557304  -1.329414718358283
0.47715972390603945  0.1211707747544564  1.404827748943394
0.6125463553846664  0.32340624934752193  -0.2835288559346615
1.3315819273516791  -0.10611850914667213  0.6654180736986961
0.8905083351943531  0.4878510433771073  -0.014390922713568165
1.416459490973434  0.27305180449478283  -0.08219184492124389
1.0194251070647986  -0.3333192818293586  0.9017860543685634
0.4381000353911543  -0.06983443785689061  -0.7530516718681017
1.3593736684955346  0.1079441851212638  -0.6056513860812833
-0.617135216842309  0.35565754871050775  0.9038066653609718
-0.23662711881389112  -0.1216237078573443  -1.4547937324873392
-1.0974430853611954  -0.19771923968611782  -0.9603820562520434
0.307287834110133  0.11867200343451803  -1.4494431559628933
0.5045245277623528  0.2855879058223604  -1.0107062769208361
-1.2442747988131986  -0.13880362735836413  0.8017988260358799
0.011097688139676256  0.002551974915181668  -1.4996505831068228
1.338005869491005  0.3364186401797082  0.29075681330973513
-1.2030304366866396  0.28308872424652193  0.735171914303544
-0.5232643800388581  -0.15609236387404812  -0.12790617246350128
0.5082373100951517  0.2804861691680377  0.9439234068385001
0.8107426757487677  0.45673726242530616  0.405792461586046
-0.06660789874557488  -0.016836201050622914  -1.4982064697227722
-0.9718758131966404  0.49338285590422215  -0.238818970106706
0.9139243250684067  -0.44213019550148264  -0.6954710994424795
0.6185667167533682  0.3522244045146929  -0.9807434888698822
0.4163574010158432  0.1085589257418731  0.8943778405888514
-1.019835890476415  0.4990823672181405  0.06599807152518504
-1.4382228007211224  0.2162565344321182  0.19049362317575919
-0.5705662263028474  -0.32615202023141593  -1.060315162939604
0.8623691787736127  0.479334244727653  -0.15939090655928262
-0.3449049080015439  0.04433653175822657  -1.4577357476988042
-1.0313018459700725  0.07975149476477003  1.0803531317988058
0.08824427938328538  0.019529752909899643  -1.4776468123645063
-0.6101778896684672  -0.06214510484391031  1.3659845418310868
-0.19150014847575325  0.1100599655727832  1.4549743467588654
1.4814093899447143  -0.09882416478630277  0.16103006090150257
-0.607907272714226  0.3319531718885369  1.1012999438591682
-0.5098342803915543  -0.2389322672556614  -1.3148604290335655
0.8571249849479688  0.46107356040708664  0.530737318520456
0.4632080159040086  -0.22166173425165084  -0.9189275438057867
0.48113028892545884  -0.20605899337301675  0.7739478178211677
1.216588438088754  0.13946199052313363  -0.8428465177026008
-0.8557245622628586  -0.1396470274330913  1.2069781399887063
0.6428133104498592  0.35214940191073885  0.18491507960106543
0.8528960636501776  0.46877417886883466  0.4036389149177109
0.7186394207583957  0.16844619976835376  -1.2809271472884738
0.5511553108825028  0.31426672413699935  1.103684485959926
0.44796213177751565  0.25620931284081155  1.154985469459321
-0.8367909464121961  0.18597763157180938  -1.199041772504782
-0.3703497446396123  0.17646031874546597  1.1609409004184474
1.4180147894743096  0.23323455393798267  -0.26293207447549805
0.23851647609155716  -0.026228162285758673  1.3206886049600137
1.0489124972475616  -0.42009956896828926  0.6694319600868022
-0.5091769676436138  0.17987873374629848  -0.4801230445575085
-1.1797461265302733  -0.09030350671774073  0.9129720634765215
-0.3288448383670295  0.08865378189089004  1.1620589503917977
0.5979508193501318  0.2759599626689264  -1.2450170291270033
-0.15786479507757456  0.0737843593088193  1.4833230377573141
0.9226495298073984  0.4494643239096603  0.653639820108576
-0.3785063126673147  -0.21801252830942955  -1.3098453065511921
1.4828305504024335  0.10999202689475011  0.12089983169896679
-0.059448104590893475  0.013273716774330408  -1.4899066490471942
-0.5147180839594887  0.2956336756041066  1.1380838724624374
0.972502497216015  -0.4097799851794128  -0.781766128149643
-0.5495684154241096  0.24840890917764444  0.41638377423623496
-1.209473960236737  -0.43423410911768434  -0.2896522879271187
-0.16189936998365062  0.009849481396264103  -1.4911391391681292
0.4689023498009597  -0.21871701451374223  0.8808393956548994
0.13134517027448572  -0.016534591444058513  -1.493957259707523
-0.13586207795817506  -0.0384415305519609  -1.448371879078905
-0.9619501318628062  0.4983001666673617  -0.051394528697814065
-1.4762487438288598  0.09219220498939128  -0.21222957654332003
-0.013263691914902957  -3.64363733080493E-4  1.4999412240960124
0.03625742841532019  -0.020464474776867515  1.4978574036241024
-1.2286496491604408  -0.4383214062185851  0.16155169928467594
0.48154246223709646  -0.15997973845081534  0.6393591187290709
-1.1961722409375979  -0.4003981165395315  -0.48993850271330575
-0.518974459771831  0.1871378811721931  -0.4086759509618552
0.8504058340777597  0.43097311833251856  -0.7596657732421456
-0.09325937940044143  -0.04980913571699292  1.4834904466011682
-0.43128574113198437  0.24788884214739454  1.2548359892909025
-0.9173103237391095  -0.45951954852965515  0.5912266557311969
-0.6057049223410953  -0.20896826132757038  1.3127457980830153
-0.7865316917819123  0.42689206771642063  -0.7397868593635841
-0.5838524650182785  0.3004283689743654  -1.197805900777838
0.48201383353164634  -0.2318756707311796  0.8577454739463883
-0.15167811297655048  -0.08479153009111812  -1.4606624943517736
-0.7202326588360378  -0.33393693531224167  1.1078344853117366
-0.14724039959262608  -0.07160800176575587  1.4844929329476575
-0.5854007191477522  0.2795642559560185  -0.02581448133662858
-1.2375920180439364  0.3850025680592481  -0.44454270163293697
0.7275325257833791  -0.15760524270756904  1.2808307164478656
0.6845493487283048  0.13569129683736564  -1.3125140286042234
0.3300823693149544  -0.1791741166093464  -1.285718258872459
0.3769226378862761  0.06688447408849485  1.4470117518389212
-0.6326130499263793  -0.34357152770974214  -1.0706503312198403
0.3746228124619007  0.1431466410878071  -1.0903806559118971
-0.7071766661624196  -0.369210571208997  1.0062153272407586
0.3743553857996283  0.08670449062148196  1.4440663844493262
-0.02697396040241893  0.008141659111533398  -1.4980253352789568
-0.7445375297297547  -0.3573285492961773  -1.0459089131175325
-0.9703514299728545  -0.3949742930260655  0.8253138804408837
0.2442551024061038  0.14102068899712686  -1.418301132426001
-0.04679693762931179  0.01615582613131927  -1.4989511269519111
0.7719247079407514  -0.14144131191605322  -1.261320843995816
-0.6328180108690227  0.3396706028348664  -0.06184343276166421
-0.48831184875931316  -0.0643630589725476  0.3762710010295294
-0.12360127120183824  -0.07031465918575616  1.47581120113336
-0.017869669650096807  -0.009063432699677671  1.4997533317038363
0.8969592637297821  -0.47087933752782496  -0.48150464802125215
-0.5655840307435857  -0.26599026956671756  -1.266901970810098
-0.3460073532207744  0.07821110374666027  1.45272233823667
0.4844962356347411  0.2660730370011879  0.9994805425427171
-1.0952164443883226  0.48761969170820774  0.14301493634085677
-1.3032845310156862  -0.12868886573461222  -0.7078343941884973
0.9471130045503795  0.01775561235123972  1.162768537775028
-1.0843789042790077  -0.0590923081159185  1.0313097580895099
0.7649538681050058  0.20916008924968071  1.2316483875875708
0.5279487118794083  -0.2961209928150239  0.9247083492167478
-0.6064920514192336  0.32005610210227187  0.3482997358205065
1.2950914818605423  -0.3259579218944558  -0.46950235473080554
-1.3382719077435175  0.2744257109447436  -0.46676869652565806
-0.06678104089534817  0.03689059784276541  -1.4921789041143487
0.08610479528387915  0.04864688976750117  1.4920245070280538
-1.06404680259236  -0.4399223282133882  -0.5750474793049578
0.617932172240855  -0.3564773482939668  0.8129494194214308
0.35930455904100245  -0.0617956253533974  -1.4522093346350797
-1.258455345439943  -0.01842016949237426  -0.8156420221965357
0.04280568105239652  0.007932149863391774  -1.4946857836934275
-0.010248394807109273  0.0058909689724535  -1.49984654655595
-1.2193758219441617  -0.4258173097862731  -0.3095462112208205
0.3736307454609433  0.1228779007835519  -1.0669335934199626
-0.5592860207856549  -0.23898446471778717  0.126174639339325
0.15710601680607347  0.030621563585199657  -1.4907496489226222
-1.224180820600913  -0.02380324553178754  -0.8658409614106859
-1.0268014976887687  0.28956496254953534  0.9538898461262421
-0.0339458072757404  -4.3393995783667667E-4  -1.4996156564660934
1.0512352062160168  -0.008616790904099813  -1.0698980192076053
-0.1913677005259319  -0.09307490042515244  1.4191367093996015
-0.5483162362685143  0.2872428932304796  0.6991052535217025
1.0237041315004114  -0.4371725611168096  -0.6360104712853487
-1.3537549339601158  -0.21108772274392149  0.5278371444316938
-0.27139595320144394  0.15575456489085163  1.4094871399954267
1.4414552909906855  -0.10701783553178353  -0.3708931695635483
0.2951239214408101  0.15696232107863903  1.422666766616092
0.6108930678992706  0.21975817888058874  1.3025015801068822
0.7742742913121643  -0.35657867120200365  1.0393148610439953
-0.6033938398040964  0.2587603526865211  -1.2670938033622599
-0.6183416626170215  0.3238748069844505  0.09789630566892193
-0.34841974880986737  0.16766983945519506  -1.412672326505361
1.425108356393005  0.2599745672091678  -0.07513526033101575
-0.48258247598636095  0.01844957388691379  -0.39634973135667556
-0.5386631676848181  -0.30981420292400397  -1.0900948185556016
0.015029783258536737  -8.448826587537758E-4  -1.4999239827191435
-0.44516765681612736  0.202865730000616  -0.9465077416111145
1.0460205810708945  -0.3851253285118801  -0.7716174466580201
0.6934172325186803  0.39956836617485514  0.4528958710028009
0.057020151172245445  -0.03211163723520697  1.496563507618225
0.1677326364785987  -0.03978195777991152  1.4182643484623023
1.1613992935463602  -0.4650458409065125  0.20364883793199506
-1.1488638840423542  -0.18192075080843445  -0.9093649526764498
0.4656273067892905  0.21746744938043575  -1.3482106492177388
-0.5269878058150352  -0.21082346206425712  0.4402299802133985
0.8724553085385017  -0.45991505342799915  -0.5660795786514978
1.232123148087525  -0.4427237626828723  0.023115790947553987
-1.4713293749159326  0.1534956637520409  0.11547276128317556
0.25866366013803554  -0.08172026764350684  -1.3082420851534822
0.4518468089943186  0.21802963668504455  1.349147907728309
-0.6457218748455825  -0.23511444936053247  1.2749066270424654
-0.4768273346966621  0.2057843599619459  -0.7975609795980262
-0.373829749310778  0.1447586873356355  -1.4243390943285157
-0.8419402948937  -0.4670428152475316  -0.3822457526811332
0.15609615515436429  -0.07147772885321771  1.4842031739555848
0.34604210130643737  0.05143323190923045  -1.0937889425424283
0.6719174907794776  0.18830161173569246  -1.2953323041335831
-0.1976353720470863  -0.07530514839076845  -1.397974275509824
1.374114021160795  0.22006195738275167  0.45903566789844014
0.49887533187515865  0.09641651566452049  -0.30892181042127376
0.2974369610586787  0.07001144315092234  -1.4647494160795658
1.2353782290068018  -0.40640755785691957  -0.36248329148348646
0.16204161155715244  0.022391852903454284  -1.4206475865789558
0.832125670150948  -0.3944777221632808  -0.9141150986649652
-0.7196198996503135  -0.4072567765014734  -0.7537995525493826
0.6647208423630454  -0.37208982858071243  -0.9428302126471135
0.5694140126733774  0.28257433122021003  0.45338679589379227
0.5961426126655905  0.29697466763761926  0.13817314571779185
-0.361566747563532  0.2017941410510948  1.3610219322384245
0.6933608351249061  0.39494697165066284  -0.020611213631417796
-1.099646882470116  0.4858207707521205  0.16068353941000174
0.8818544620317815  -0.48115664378554474  -0.27064103505378173
1.3148630831094057  -0.2782166670673473  0.5217107815427334
-0.1074952872437084  0.052359321454340385  1.4917317555220944
-0.42743511900576375  0.07058659663945122  -0.8069529104361658
0.37255789452359267  0.12442093010055841  1.0721741202176691
-0.44533899968147106  -0.2322072590163712  -1.038985312414948
0.7701001077215139  -0.38006466608264494  -0.9742212117133595
0.6826328497775757  0.3933197488685544  -0.7090525375016745
1.017960232888683  -0.48536762650658055  -0.33592285947506306
-0.05379107305809966  0.02605290228569364  -1.4937433582954
-0.16541222535893985  0.09164024066245305  -1.4517522051887357
-0.5083174936809167  -0.13500095364977666  0.3082845005002564
1.478422904131602  -0.021075789951781318  -0.2508639939069498
1.4796730482731966  0.13883921099488303  0.044325199523848446
0.45877197129095076  0.056270855061767315  -0.6200576829935298
-0.9637295473805512  0.03137818930007762  -1.148158039124042
-0.9595281372372119  -0.49516799075758317  -0.18295834087016968
-0.1406467489392609  -0.06015227357176683  1.4883215421038458
-1.3312009269331404  0.355115490280087  -0.23283297546873738
-0.8674886797552209  0.19701398548526253  1.170998830961225
0.38984419726938646  -0.18111736192483702  1.3962206327900701
0.18226477046841869  -0.051019342110746914  -1.405520340524852
0.5842763430824467  0.3330259617145542  -1.0456162118902088
-0.020352552083302666  0.011229224355485304  -1.4992728574055545
0.9851093054919942  0.2193585228569272  1.0599939698383074
0.8374745856147476  0.3630001414467841  -0.9958573126804586
0.6323224216333485  0.00243627976514999  1.3602023924129623
0.5262058625772249  -0.2596114858293504  -0.7017567064434852
0.6227310230699441  0.10082269107419858  -1.3529455857375
0.62948744417133  -0.10036215080393465  1.3499368709296964
0.5392462186625434  0.22329708631785825  0.3675950001222609
-1.2397436677897287  -0.18731908210675907  0.7771978925757059
0.586898106466764  -0.32490231611219794  -0.673248331565242
-0.4987342248995561  0.11249490519611995  -0.35835126502322656
0.4497979143188739  0.17684501881947062  -1.3873938497214005
-0.8642183848324549  -0.0077917701915701165  -1.2259463389800915
-0.8494864051187874  -0.4767124583970318  -0.045294392214623835
-0.7950841418763017  0.3736759087636514  -0.9883224913554804
0.36225968160992855  -0.19616476383383702  1.3752696094033874
0.6639491284273257  0.3776466084490294  0.8810531307750182
-0.22986432029868745  0.1258413397459528  1.4492906842533666
0.3081243964210624  -0.157171539654741  -1.292871068241589
-1.1168846921514444  -0.474998938287291  0.25354982404977033
-1.4470581845074175  -0.10373169507273092  0.3514129475656693
-0.6460786959894425  0.3728881046741414  0.7326132290351076
0.08163653190110115  -0.017099218201659706  1.497463342090899
0.34509411751834673  0.18098118932263293  1.2464353668651142
-1.4876085922838822  0.0654067335707759  -0.15540022479965881
0.821729494211108  0.31587737572435315  1.090128827867673
-0.2702304878146505  0.14331658953877305  -1.3531656281028475
0.3938867778405757  -0.205721052637777  1.156169668834412
1.044333396971008  0.47740736176416676  0.3810385093538555
0.9945031396095211  0.4896695118277181  -0.30010562808125796
0.5195601297369701  0.27927038397315296  -1.2362844415330247
-0.011755071885142356  0.006414237178292551  1.4998710379595244
-0.8393979530712393  -0.1733509209669726  1.2037818056789682
0.5217315271915665  0.2008356212482995  -0.4455323981821302
-0.538344067770011  -0.08257321824716006  -1.3924733910881721
-1.1384254817724522  -0.46046518798348435  0.32444544601949915
1.373956941452515  0.18316394378226508  -0.5087614352531389
0.1681072200488307  0.07543793551401017  1.4821928261714832
-0.6436347749496714  -0.20607109626892858  -1.2980740960788724
-0.7478136833271074  -0.26944382611827233  1.1914327050264173
-0.06667568596033133  -0.004088443246480841  -1.4985005580149848
-0.3208924413791474  -0.17650108987243432  -1.3977830751586047
-0.34966514233070906  0.15712952945929262  1.185614728345211
-0.14047483531717403  0.08088618281003473  1.4753752272569485
-0.5506795716341341  0.25981915354341856  0.48701075270862926
0.4742839213998964  0.2642920841619085  1.048541746304625
0.4405109538324556  0.006475722787455325  -0.7098791105863327
0.2930638601605029  -0.16146490852557172  -1.414733061204834
-0.8541962133012801  0.4782430373554614  0.023160538931622468
-0.1031971095151273  -0.0360161619354817  1.49485041978936
1.310952753244075  -0.29166778057854226  -0.5056584717634196
0.3703766105380517  -0.20873610122389968  -1.2552621005743274
0.6618308976071421  0.33411422786645406  1.1157625048133846
-0.9663307287387989  0.3415401198741311  0.9404573362888421
0.5709296607770399  -0.3252746581992162  0.8523158143425291
0.7071306431547986  0.40711319681442903  0.31162292332688846
1.2945986480170846  0.25982193042736784  0.5987115668321108
0.4014838890698582  0.13106902871381287  -0.9817358216611849
0.6162770165978051  0.20250261757665544  1.3126993830935754
0.5415280699173789  -0.2915978827015841  -1.2091284794088581
0.021771431144073053  -6.038059733044778E-4  1.4998416282319982
-0.024666693060237353  -0.005840368162993865  1.499759917325652
1.0965826250603024  0.4823851450387617  -0.22552685411212825
1.3758591313528523  -0.132553210554782  -0.5509594449026354
-0.08910798175517494  0.008944231011735384  1.497269543829172
0.8947119763250848  0.133240654393334  1.180846325089339
-0.4289978174467137  -0.011885432286207495  -0.771310387352081
0.5544927545609364  0.08902966656714287  1.3848473016028615
0.14131637256017116  -0.06227748087350146  -1.4526450661252577
0.4437212750398217  0.25524937875062004  -1.1806155083330865
-0.8528244308133397  -0.45059968623263136  0.628753835274218
0.6507007108825026  0.3593460743261356  0.16226380130674378
-0.13433689715689728  0.06572728230135164  -1.4869601417826832
0.16149695718941554  0.026084147514440555  -1.4217859186762505
0.06802678594639683  -0.03214461568740392  -1.4968625642457476
-1.3190957506206504  -0.1085423135970796  0.6886794886296816
-0.5937439272085206  -0.32124096179494555  1.1353836412295104
-1.06771199384695  0.485135561328005  0.2634513000358164
0.8774616797516801  -0.47031450917100853  -0.45662911514171267
0.09882940174077426  -0.05669090181362339  1.488367237948899
0.6382148957364756  -0.05352773799133082  1.3542505025225715
-0.5244488490040158  0.3025955555780652  1.0903900432324771
0.27607762526905366  -0.14289389262741078  1.3398057291054035
1.2640479427252262  0.230292354696637  0.6962304784347203
0.07326901396253416  -0.03746294469591654  -1.489092262610908
-0.4721799749546868  0.11962105102743698  0.6138267868886629
1.342748206182586  0.0373860438227058  -0.6654541489260593
-0.710957329989441  0.2901634980032099  -1.1854755936514887
-0.2940228356879634  -0.08566354055916059  1.2414623083483753
-0.654172039679697  0.37733719132168797  0.6810665422254052
0.7235697467764156  -0.38515824586373637  -0.9424724742751474
-1.1699928224266471  -0.062235561413244676  -0.932441672320073
-0.3073803866923617  -0.014396065619824223  1.1838593470796015
0.3166428941324011  -0.18242378910304172  -1.34993957638515
-0.5642515495031346  0.007753263753825995  -1.3897624971547127
0.30835103809376846  0.16945978143745227  -1.4061672834400614
-0.22222471385086218  -0.12035178119810115  -1.4542993157528057
-0.7372375697467718  -0.06737225743735628  -1.3010345706779618
0.5309779755392607  0.21720042658004884  -0.43125800481229404
0.25083162872238784  0.09607973480305357  1.3322200886402493
0.46267766349948714  -0.23461657710950745  0.9671493619062721
0.7721928030101799  0.41947009766478854  -0.7774131658516332
-0.3151457853211286  -0.07356641585395361  1.4604790178905176
0.38922492532200115  0.18510625298745678  -1.118804774643583
0.6635808562353338  -0.37111415705536516  -0.15498332222167951
-0.07263930948619902  0.013894947454094987  -1.4980355993700822
-0.5780263105651562  -0.29545958042897585  -0.4689819326291318
0.45601331866233186  0.2621764016638132  1.1577602094601915
-1.4717611836672333  0.13741364630721284  -0.1628524337409099
-0.7308419022928576  -0.320437479355248  1.1302295784499237
1.1759409263772813  -0.4546115791424372  0.2531442214821802
-0.49979312898437817  -0.1246475939110568  0.38275800668586996
-0.5758883453986028  -0.07237862477457185  1.3792226623152168
0.4847194828640287  -0.04046905476028237  -1.4177735622491663
0.8850258831624018  -0.4475128388630191  -0.6683171081207208
-0.48527873957762446  -0.21390520901259386  1.3483931675611585
0.6357178979487224  -0.3239512263928692  1.1419514945470222
0.4139293078816213  -0.23857599653780986  1.2345550253768331
0.03987816130784991  0.01666378196806423  -1.4990900988596882
-0.36892743184364885  -0.21288892450343425  1.2991612620919857
-0.17509104206008047  0.023093770234085927  1.4891945081928206
0.6600373663816814  -0.14023410869829253  -1.3232774853688252
0.7969131126388089  0.4533338220415935  0.353793120903421
1.4270449224870023  0.2578914381820342  -0.061108181276742765
0.5071882734296267  0.12367016624938847  -0.2774756935020346
-0.16830460228031605  -0.07590199898706025  1.4820246539562696
1.154344769627308  -0.10098457480065338  -0.9415621081595102
-0.0994074311782985  -0.056846706911114  -1.4848720974466645
-1.0915458648862466  -0.45224066176000505  -0.47474798736611423
-0.5924475487690593  -0.06147041954214963  -1.373857341305355
1.2623436287162932  0.3924790101818943  -0.33974426657720996
-0.9518231755767692  -0.08969964226755822  -1.1487247920862187
-1.0279907965811397  -0.47842140486438395  -0.3929333785752074
0.5857751965635183  0.20304877027591606  1.325009808075897
0.1120851735282668  0.00906741595881926  1.462078873570177
-0.8781897358715778  -0.4849050179334784  0.022705365581449574
-0.7774095636969464  -0.44665147914827175  0.25489827907124
0.9527639740771634  0.4687244433915413  -0.5202818343515109
0.6074218720199791  0.33742442113535603  0.5870318899482667
-1.3706587224498776  0.2538738923588139  0.40919579938778183
0.020969538039722038  0.009344501110285643  -1.498981328907261
1.3332101556217102  -0.20699127259726546  -0.5824010061981141
-0.5661904206469319  -0.32625205460370016  0.9414773300534909
0.9588938872847681  -0.49820773449029365  -0.03270195854955057
0.22366574230900907  -0.016707630217321714  1.3424910033907267
-1.4003478865569297  0.14144711303810054  0.477567823869059
1.0212983635429422  0.29147662551632125  -0.9573013304899947
-0.9339588529130385  -0.3515302994385239  -0.9513533814540049
-0.5102321522097799  -0.10850830536700265  0.1245345827086564
0.07210181143566828  -0.02292205297411798  1.4976451902685417
-0.18851442457746886  0.047609538867953646  1.4855776240966212
-0.2130956093709555  0.12182375174577069  -1.4290182447161301
-0.8392049080138633  -0.3876308888302744  -0.9324908090854295
-0.49813580644528577  0.28597649033380895  -1.0720884383907439
0.8146403881888994  -0.04280960816686588  -1.257314670683364
0.12144194485382792  0.054443104528712934  1.4907463016944198
1.354526104011088  0.024590045025953237  -0.642996209482024
1.1137746547785492  0.46856840874641525  0.3231636182555503
1.050166985033318  0.37406246398678333  -0.792033206916652
-1.0785066928976421  -0.3547566075870854  -0.7971321963582796
0.14590521636906048  -0.04121169224120309  1.4909462051930253
-0.47346425827585953  -0.07453384137810233  -0.5320955556574706
-0.7525647919206784  -0.4206761603476769  -0.7182624608162205
0.35627993429104227  -0.20049300540469434  1.3599325802173887
-0.3855384192448421  -0.16486227074756804  -1.4098997061060343
0.5209001349234222  0.15425948575721582  -0.18167987483546913
-0.8063989001252925  -0.28172230293189493  1.1434907143448827
-0.08994388741164172  0.051674902755849385  1.488073684422205
-0.9904313304034549  0.4968868284245223  -0.1668214662056238
0.3361238518906483  0.0499334701077195  -1.4592068160094196
0.5016181263841251  0.19589298830180346  1.3595308007452505
-0.8268120274696342  -0.4645332916418619  -0.33002605768128523
-0.38709592041772134  -0.22000443396542407  -1.241187765091058
-0.5360353182033696  0.2914190939843066  -1.2062316637897321
0.39173791539071456  0.08695522404439185  1.4394598236198557
0.9084776474659083  0.16766227588684238  -1.1557649795391418
0.43254535611924927  0.24705081223748107  1.178258043769686
0.7812780612680892  -0.3912298953218547  -0.9340449005237519
0.49480728876857377  0.13447167537064197  0.46477999002300957
0.420089632943237  -0.2380621449835048  -1.1843326995870767
-0.8889970555918139  0.47568845226805484  -0.40563590499455027
-0.5470996313730244  0.2459910004322499  0.4288306376149476
0.6176847983229928  0.22022329532552518  -1.299309048337659
-0.40314388424562647  0.12262001941307801  -0.9643194263537878
1.0600863936866387  -0.49182545371856984  -0.17954215050710037
0.4055932792026342  -0.12434513122100181  -1.425287405751684
-1.2181952115163863  0.2758764114490955  -0.7201496488516748
0.2132064067277472  0.018439182500670195  1.357924467148702
-0.22265366384409613  0.12853048079990861  1.4311908590736726
-0.837843933482199  -0.12245753605355872  1.2253735447679603
-0.574158259450596  -0.2635296968786603  0.10066881746170789
-0.3498265092923581  -0.06334249502203627  1.4542907586062006
0.19392118764955765  0.06075293215072345  -1.3952402941200974
0.3553276222821747  0.18516869068038397  -1.2264487228273313
-1.1762608000996932  0.40368220429115725  -0.5209538483084836
0.2622700202997632  0.09484510803896269  -1.4654489977606442
0.7853366920400785  -0.08387992030592609  1.269555533828863
-0.07940389802764156  0.018724186554066838  1.497513714391732
1.3346238600769849  -0.2985774649836407  0.42378057811100994
-0.3271599685573884  0.16145232280434468  1.4195926948453736
0.35858673630215876  0.10278548469316034  -1.4440372230178262
-1.1436818389043406  0.2173624435586629  -0.8900147912568601
-0.6432277721940204  0.08284914534010263  1.3472715008320433
-0.34556131116572014  -0.198428970443439  -1.3493380794520549
-0.6292410215219602  -0.33839429132690013  -0.19386705375479368
-0.31095773400507154  0.027202330456490235  1.4666491088536615
-1.32659607146655  -0.3242666020677212  -0.3789015795701023
-1.3089625361322934  0.12588993959980138  -0.6988585485131396
-0.40758926023208336  -0.12590500924067907  -1.4241891922242471
-0.6010520601300458  0.3403815333190238  0.7141509044234879
-0.44990692588685743  -0.1969222051610612  -1.371953831457771
0.6416252735773931  -0.32390256404907186  -1.1425526990805566
-0.6622406673166389  0.36968827302537877  -0.13989797781463317
-0.8960272725252499  -0.3003410727964178  -1.058817668537666
-0.7573121220131371  0.4360714550593884  0.34651422546986044
0.5658963048343237  -0.011056701063842602  1.389026425280938
0.7837459698039062  -0.3241455032695202  -1.0992240803351254
0.22324208675107404  -0.06288671998385521  -1.4787455368651707
-0.725766365739217  -0.4155619931695592  -0.6360593130553153
-0.3982989393287676  0.22581619294369637  1.3151666112926539
-0.48395090747836256  -0.2759892710804075  1.0776550133622198
-0.15720494518970424  -0.09072380161712768  1.4656895571812147
0.2682677383469719  0.09564841573240256  -1.4642498987533599
-0.12001486394532593  0.027554495619458746  -1.4943636631302941
1.2106897658382862  0.3802374424882066  -0.5240164102420379
-0.1996672751468895  0.05590147052762749  1.3858485949806707
-1.3495385084325582  -0.21360837732684962  0.5352692079105601
0.43200436433297507  0.21258617118615838  -1.3575231099660834
-0.49979919204773793  0.03417760105714353  -0.11110642939404446
-0.5210102350464607  0.14354195462513455  -0.018674161017883675
-0.012179255534944353  -0.00681194921410149  -1.4997501003730604
-0.5028651313881485  -0.09651128499027943  0.24414215399393152
-0.7225280648302745  0.034020447728992716  1.313190556446826
-0.5790152936683433  -0.25678765860210323  -1.2767748888148336
-0.8271231150200962  -0.4607738753680357  0.4301448425409027
-0.6350003483320786  -0.03460287266798717  1.3576326490668116
-1.1400491469838412  0.021757356362461743  0.9740980538415905
0.5188102617017354  -0.20288345852412965  -0.48537445282463787
-0.4669654707375439  0.23171812862264063  0.9353826311986997
0.273253919735485  -0.15634872132124836  1.382060379402569
-1.3557175375646198  0.02351341754601471  0.6406017227435635
1.401853379461442  0.28758291010844655  0.14127459070954562
-0.672941856448412  0.31385315668245195  1.161453727401356
-0.5436402263803288  -0.16779489556200744  1.3622806030832584
0.44876585250544426  0.133382786279064  0.7783331797432038
-0.4089469666842368  0.23603650738927814  -1.2637795336000688
0.30925198369911766  0.08009836525204238  -1.2038151423467636
0.6150475543997067  0.03572896909506766  -1.3666994343576526
-0.63408211785688  -0.3635849364374641  -0.9077477027278358
-0.4559555108957733  -0.03359467033451773  0.6237999384686282
0.2735822738316746  -0.1281677686296317  1.322901037568581
0.21942958097944276  0.10899698791479591  -1.3952525993938223
-0.258462259971147  -0.12067159640018395  -1.3425643739595388
-0.04970726659192993  0.02264970842410595  -1.4943612950136391
-0.5192300794304001  0.2996109584146102  1.0655260238539328
0.4807050934016504  -0.272489454389574  -1.2218079747315025
0.8953128079393069  0.3869749077466845  -0.9039247302636629
0.5183878233676688  0.26980999685120904  -0.8121318327018079
-0.6729093465156893  0.3884585752978115  -0.6829941508460133
0.7713790758455992  -0.44162547588917206  0.40912875261264203
-0.18485453745973904  0.09460050452720413  1.429235646403948
0.1932766608338662  -0.07830229242851325  -1.4792138200358935
0.7313235014404378  0.37299857498055294  0.9978684609085946
-0.7636017613519158  -0.4270987048722689  0.6783124589464067
-1.4794225336812963  -0.1263209862187437  -0.11361633404210689
0.21077119958838736  0.11113453733296108  1.411574787130421
0.4419145682269662  -0.062319625204166555  0.7264403531110661
0.9038186884060844  -0.48389755295898945  0.3015308706466455
0.5828020173087952  -0.28039352657517147  0.19108672761452786
1.3427951607208246  0.11421201638271342  0.6382308921715987
-0.7144500602133715  -0.001401980011962866  -1.3189219896503313
0.05475946105172466  0.031042348080128984  1.4952005120809826
0.4929810995857346  -0.01720240752962683  0.25571790888157636
-0.6699286354044628  0.3037835747168655  1.1806896452176474
0.7252239849233534  0.416818483171905  -0.5840531211489833
0.45310852204448815  -0.008062465982957092  -1.429859281369615
-0.5137282700448238  0.2366187166400688  0.6795961642589581
-1.4560169658312885  -0.05753484080580213  -0.346497485122899
-0.9290835906208126  -0.07584028669900168  1.1702026418623033
0.7940726043515343  -0.2507104415253387  1.182145703694386
-0.9516500116593483  -0.21871593377708257  1.0901744838154794
1.2542725487466506  -0.11431950749696629  0.7981846832835227
0.3032707413018345  0.10023784330089121  -1.4566806939527757
-1.0529619870079256  0.2153189619369968  0.9964266213160726
0.5257448892244856  -0.18871369207397146  -0.32987724980019395
-0.4518613884403409  -0.10763808458956593  0.721045016525625
-0.0069394285708262405  0.0027503623134520383  1.4999739933628238
-1.4081920753510513  0.011893220331933047  -0.5163048396449881
-1.336773436258358  0.31350392882055017  -0.37631841254210263
0.3867792949395918  0.0311334429654301  -1.4482628779586368
0.5170698563642986  -0.26329245324807393  0.7855641250331604
-0.777609985820612  -0.4059377884249839  -0.8683832945612266
0.5698981295465952  -0.2871926792968473  0.48943115536063986
-0.11946360919099919  -0.06872015982684643  -1.4791661116996235
1.1294489090815483  0.4666178336918093  -0.29880338012778807
-0.6398978447026447  -0.3624921244306904  -0.5297041440250836
0.5675193908685043  0.3088884024337295  0.7043247756239903
-0.6833763806728719  0.34958570147434953  1.0712768838268325
-0.0024703647168007412  -2.679740685439402E-4  1.4999819085060564
-1.4750527155834177  0.10148803879924982  -0.2076030780408081
0.427657629041816  -0.01510700846489579  -0.7784830442556243
-0.4705165201300181  -0.21318826421759898  0.8547420475894887
0.4449514827418274  -0.02315630154188363  1.4319228237373642
0.3235750806843082  0.0953651065438254  -1.4539274604611805
-0.29878162482069703  0.09941952701776204  1.457776180469685
0.221512150531282  -0.02852804467410641  -1.3475081642676523
-1.2778654455552823  0.2681135740370575  -0.6214009075333389
0.11176557577864388  -0.018474958840709974  -1.4954734036088047
0.28820785038095  -0.1551907470785408  1.336811685014362
-0.5304386854929892  0.08495275123914794  1.3950330456028237
0.5657757028763166  0.24828133229800342  0.048741361157853116
0.9187876346730024  -0.4439358400652955  0.6846231436800051
0.23468486541152947  -0.12009476008825663  1.4559856639079287
-1.4492871922412733  0.1867834030665305  -0.20549392592784269
0.3394231907301192  -0.09158938444985591  -1.1365394395832393
-0.9458094899423359  -0.47861282168650554  0.43259151833354464
0.26728635101807896  -0.025520236514661062  1.4753227002297695
0.5109446249115335  -0.2940163429297081  -1.0578595510647915
0.45311189324276885  0.22724359534692062  -1.3361234610461743
0.22486746912094666  -0.12980963766357811  -1.4298213512688376
-0.2895811694750348  -0.05085082852085475  1.2324501651583721
-0.3294100913659939  -0.1862592097279083  1.3781354033137658
0.8962963072555106  0.4020842480913454  -0.8608564328574444
1.0019004766529063  -0.4988987010740219  0.0987506947697394
-0.10441406383204167  0.013666581987074655  1.4675064190825866
-1.1733178269602154  -0.40498756210084974  -0.522414224600078
-0.26653238088018705  0.10988035808273933  1.4594382728237671
0.584218736791231  0.2890798391504364  0.30117971866424925
0.5855959278166417  0.33470640878051355  1.032066502843651
-0.21782780509067295  0.06136508931935169  1.3632256226769437
-0.6031840972523945  0.3273596043762817  -0.5058532109089243
-0.3528444379756639  0.10297179341826186  -1.1088823357827278
-0.3587754049562159  0.04875323746788294  1.4539416770681655
0.8579556132841764  0.4766957645027299  0.22693109367102288
-0.07799612189300847  -0.03894096151806534  -1.4872498591846572
-1.2429352204011772  0.18864166701392093  0.7710597449601602
0.5867456406270104  -0.3382800487105529  0.9721391730945881
-0.6968103091153297  -0.3977506107560911  0.07432411527669047
-0.19792428843521542  -0.10371445174992926  -1.4214843518838747
-1.3572434781111182  -0.22034547887250908  -0.5061972111254517
-0.9295015819830914  -0.4835018136628667  0.36184159963979695
1.131863280156702  -0.2146757689866095  0.9070480749958838
-1.4690961964906017  -0.15686684314004243  0.1290355218040396
0.20349392388455373  0.08108670761355394  -1.4773421641774638
0.5259572254985416  -0.1712145982466823  0.2022942879144956
0.48861606086379794  -0.11061211838735724  -0.4631050594712092
0.48592318217858205  0.2691586799452118  -1.0101253838428914
0.9454879285527482  0.47276993509335397  0.4882594309992343
-0.735183118718861  -0.18968549082512307  -1.260774679663312
-1.419005351108941  0.20180147589641337  0.33230874849384456
0.631864963054102  0.3626629324368348  -0.6894921359959165
-1.442581726470954  0.17837167848355523  -0.266960600439047
-0.7121814680098748  -0.38548444649621766  0.930437039454478
0.7694368973734258  -0.4427594170655621  0.2660319971576271
-0.10938991244082803  -0.04145739207753186  -1.4937985184897027
0.48926359369746514  -0.0930784431310725  1.408239017616084
-1.4777398040384884  -0.09751444891722136  0.19383061430293524
0.5078454827946788  -0.20224996168648704  0.5798899156322148
0.10724477050873715  -0.0580066195534452  1.4786802599566582
0.15291950319464367  -0.06757905600725597  -1.4855878384474763
0.44010658962194965  0.11510951125311944  0.7940829594409362
1.2129705848563166  -0.008688906353024526  0.8823127855574442
1.0621839886733224  -0.040516474366507994  1.0568016125568584
-0.2741069696416158  0.029291295855497185  1.2575989039657538
1.1992482810634781  0.0041582740710174645  0.9009726331587551
-0.6220245855336539  0.20388222580186952  1.309274366198757
0.5857164374148502  0.3316847798529804  -0.7729158874897377
0.17854048328238256  -0.021750568987543163  1.4026402840817576
-1.1097570197982654  -0.48735839664213054  -0.052146309206079135
0.318801488982344  0.028314361984383595  1.1586779634044926
0.4606914950192848  -0.004870550394433067  0.5831668972396533
-1.175058797798444  -0.24321570633048434  0.8243625004768941
0.46182652556887543  0.23480924892698823  -0.971997612927189
0.6045799845377161  0.34501846257898416  1.0006100332041854
0.7157699068304482  -0.20110188622296798  1.2649024031716474
-0.3612705335012255  0.20378426334803593  -1.3539957768101283
-0.7248337254053472  0.41820717993079465  -0.47334167548337
0.841564306378029  0.46626121023958655  0.39733497922670963
-0.5083432955981175  -0.29265661038643637  1.0662733342418371
0.3291522563010312  0.12209428391433484  -1.1920260931224518
-0.2727405849053729  -0.008342034314922097  -1.4749249171971979
-0.9698037792263767  -0.21998154858307292  1.0733788646716536
0.3214091695175847  0.11465952170381614  -1.4483843309486808
-0.14443026255585747  -0.05034323994832367  -1.4445709171274357
-0.4763944955151737  0.2745000371649663  1.133179679844211
-0.3003423958742383  -0.17323951104041524  -1.3687054680358544
0.4170418580543234  -0.025929138347685954  0.8311121723731041
-0.473637103699827  -9.905047522393267E-4  0.48064527034585547
0.39564733431120547  0.09197937530906607  0.9589337895186131
-0.9691865461613596  -0.35829216688610505  -0.9080433487274502
0.9652645714274409  0.3945376325436672  0.8309637946788755
-0.48465331034862474  -7.056281950871386E-4  0.36878855746643374
0.17424366394725024  -0.09919513898099361  -1.4655841711564426
-0.09526995560343858  -0.04272815783845555  -1.494308455670656
-0.786954101972389  -0.3108308930731263  -1.118095229609883
0.11435798168850134  0.03857474826184047  -1.4938305110907066
0.9034766051343032  -0.4826930714005377  0.32452519229222965
1.0663403894168233  -0.4658613616302636  0.4349907485248118
-0.6283161393459574  -0.21527097966819697  1.2985130714807218
-0.12106037623175674  0.05685872676297368  -1.46708132915093
-1.0285985952544152  -0.41754408692745404  -0.7016652789527089
0.044187885169356234  0.025254453154360517  1.4977507317607275
-0.4126530089852988  0.16853761859419378  -1.40186514548886
-1.2593773492642248  -0.31633254505880093  0.5764577813253503
-1.440888588048661  -0.12169476256850585  -0.35906920979376716
-0.6711390481487904  -0.359109959251307  -1.0302828958243415
0.9439132783162751  0.47442449879814547  0.4733588685490728
-1.4459481002615713  0.15445025237279927  0.293978296838564
-1.237217177323255  0.031836055935938204  0.8463155616110147
1.0714066805108322  0.3817342026244872  -0.7487588556365108
0.796354299218064  0.417350206942346  -0.8160614458912329
0.7271568181125891  0.14713163397586682  1.2853194430425385
1.3122441060849335  -0.06760476864382733  0.7171118364536494
-1.1238353615936  -0.1481618135904641  -0.9588405008090618
0.4232772278811431  -0.03053295259918602  0.8037038305433961
-0.44993490470417535  -0.1351954783090589  1.4085745991498155
-1.4398164661060404  0.05450888819234371  -0.4098727641189556
0.1938126567404225  0.060324501050698365  1.4831216186057756
-0.08564492094043775  0.027486815357148236  1.480270905943208
-0.8697322797222724  -0.472869797912109  0.3957177590292066
-0.7987056433043715  0.34277120485211626  -1.0581826184020553
1.0873115938224298  -0.20802964260793136  0.9645596666037607
-1.101484682669105  -0.06895055009961555  1.0111303729074275
-1.2335341998851503  -0.40263487051286584  -0.38560156022011904
-0.795552276745531  -0.2957811457629486  1.1334749784688742
0.3169606039267564  0.17231251826769714  1.404300236459501
-0.15429541254859075  -0.026639555628193135  1.4290636898861027
0.8741116236539117  0.0431355841082408  1.2166866353017
-1.48928030618202  -0.10244745844816318  0.018238162467698295
0.11997540378362782  0.05642460903502038  1.4677138532887348
-0.736978019444531  -0.4253776750331839  0.16204302379909116
0.6916961644900304  -0.39369729732655034  0.8022848231688857
-1.3265616231412247  0.3196241701274713  -0.39300760199161444
0.5578332004923396  0.25019271532402737  -0.31321814142631244
0.6680698900458557  -0.38141061272128324  -0.8489166180730461
-0.6468772656610065  0.2981576688703922  -1.1968418573299417
0.6223125109587178  0.3317625595526243  -0.2216994156398707
0.9781195768354156  -0.4853262746758557  -0.36005378268628385
0.8803334247883594  0.12275451934175118  -1.1951772529889007
0.804623591285948  -0.41238387126579057  0.8458112988984484
1.169548170389398  0.43895808832072614  0.38256337438871735
0.3702891296148649  -0.16696534771776916  1.1425970431413752
1.2209066613818853  0.07649989917668253  0.8612352838131732
0.8221326726096727  0.4408021068275177  -0.6754126897503017
-0.6700713692850796  0.3278113598167905  -1.131869182674894
0.946629783992939  -0.4965617777529097  0.08118448424497876
1.0716544119289155  -0.28746480635010596  -0.9074929964621361
-0.2091806430095424  -0.09447384581744822  1.3960516270747287
0.32867743692155094  -0.18889002412214712  -1.3324850868197033
0.23975603148385582  -0.1379209649679584  -1.4142427707881984
-1.0521805930743373  -0.032134757939467094  1.0676205932110825
-0.3996225828665452  -0.008556468638236477  1.4457115897207444
-0.6772457416867852  0.388784430000648  0.4634325856629304
1.2507264061543144  -0.007834981746465415  0.8279488421940748
-0.03238976683559909  0.013975035725805952  -1.4975152963375937
0.2843448109650905  -0.007901439945258127  1.4727391191322177
-0.35560642138593074  -0.19989270385037425  1.2736434798239897
-0.90575365237929  -0.3398130262268136  0.9943614456065561
0.48481688707382714  -0.2722457355464719  -1.0385671729251023
1.0407901090962552  -0.24490284647478222  -0.985135940335053
-0.663735105951862  0.33266186283379306  -1.119822232397409
0.1291130657226946  -0.03725751324120137  1.4536364389035763
0.09124042247168197  -0.04768773229153985  -1.4835942224688716
0.9344025593699408  0.4446316239274332  -0.6748082181874606
-0.28692362556604223  -0.04218755911923924  -1.4704273056663433
0.20562036957574065  -0.06515627786727908  1.3820155128141132
-0.22605835178557213  -0.11061453921648874  1.386615743488791
1.06219810190426  0.41216822569075634  -0.6783012869458561
0.03714550506922238  -0.018170338753741234  1.4990073998167968
-0.46853611658693184  0.02660788741906997  -0.5297615584555391
0.5937333339562045  -0.33122273561250154  -0.6732626263450706
0.18401632931617926  -0.0022094092058008554  -1.4886649532082485
0.13029399838888983  -0.07239669753599191  -1.4829994322396702
-0.12359441594401081  -0.0673622935590241  -1.4720996000041529
-0.5208484958709263  0.27773973245048433  -0.8420373098102845
-0.20203974924181262  0.09950539930400568  -1.4699694493490505
-0.4966612076863688  0.03968848758492384  -0.2101691936940837
0.22838834015612777  0.05596851030996877  1.479022894909483
-0.13582433036219108  -0.023038131847107405  -1.4452731267990067
-0.3541705980254264  0.016864931091459773  -1.4572944100933547
-0.3871009431030521  -0.08485344917354175  -1.441135747097014
0.10038349370348802  0.018521440666013526  -1.496274908936192
-0.19082658157625149  0.03018548079418991  1.4868574542938986
-0.4547003689931274  -0.15959113048387702  0.7974957578689843
0.7522432600864324  0.4342959082702852  -0.057213342242384474
-1.0306597903918138  0.02788571661574775  -1.0887630561754447
0.8988081421771192  0.4886894569317079  -0.11883332523627904
-1.238466999342033  0.40349054074897983  0.36667645887536954
-1.3254055654924781  0.10490836428398526  -0.6782105576670474
0.5953765843934256  -0.18324690608333852  1.333411788490892
-0.6774360768658844  -0.12273598373578795  -1.3204340260913396
-1.1141985743752676  0.4858788134570903  0.07368466624027273
-0.23754370353473783  0.12103644393584534  1.38046263189807
-0.11882267462051126  0.06202244482590311  -1.4720093627973236
-1.4351468426128804  0.1676637811470289  -0.3228889752396937
-0.29226117757037  0.028338325866428916  1.2200461657381336
-1.4234488150548987  -0.21925261257717826  -0.272497521023029
-0.7765049595582907  0.445910529707747  0.28493032101347415
0.6401918136695806  0.03218978788945157  -1.3553722960093098
1.4357461549642843  -0.03238581396474446  0.4306785952031211
0.46331463483689106  -0.2653341576471884  -1.1309244382211272
1.109411972508811  0.27300036359655827  -0.8793315331941839
-0.2739904343841345  0.14150346029614563  1.4383838283348076
0.9605580377205103  -0.4858376689760603  -0.3528306582092142
0.15503315139297544  -0.06380613146326376  -1.4864261092410407
0.8640616961951173  -0.3262394015857346  1.0467022418315746
1.1496123782663668  0.24328980817806928  0.8590790582639973
0.05074206979011764  0.007069427786184182  -1.4990899955354513
0.9409077843237804  -0.38565193490958743  0.873883553101273
-0.09746551617548051  -0.05174336112938321  -1.4918005253852746
-0.9118557035884733  -0.4564471867408258  0.6122858298941469
-1.4519647505527316  0.19244503482728487  -0.1663898997260633
-0.23026251443064097  0.09725030359267622  1.4689692127342944
-0.42737618462696925  -0.2398519629095473  -1.156651374120773
-0.4611849700429702  0.2661173710019393  -1.1707456495980924
-0.4564332582650022  -0.26158534939252087  -1.230635597388997
-0.6610799727957496  0.3081901378231064  -1.1751756433353975
-0.6591312159899146  0.3471444311579762  1.0729620450137674
0.3973130102687867  -0.07004387891059226  0.9349635279878119
1.1433212593080229  0.4776758756488855  -0.08562814292595573
-0.391404981965903  0.021552455021766427  1.447550430288546
-0.8763515385257926  -0.2981956666972578  1.0763574624598224
-1.1947007791449782  0.45256482980726825  -0.1908345787404084
-1.050415326039724  -0.005973588754597281  -1.0707570155453672
0.6714151389845976  0.3224754170150908  1.1439596542345283
0.02996110373041643  -0.01000859371359222  -1.4976259800641092
0.49878523512136463  -0.008143956929233354  0.10731541796166742
0.8284800183385734  -0.46955194146540796  -0.053950395387522956
-0.9793684920355105  0.4995372381375349  -0.01902099154336998
1.2592077869917335  -0.18844335431785136  0.744418364509994
-0.3566557047635036  -0.048172623845370924  -1.0612500634529085
-0.4048289398550776  -0.22815215562910285  -1.3149388834724223
0.4469141675887049  -0.25021277465735675  -1.2783874761643608
-1.3975548640730924  0.11354750171789976  -0.507714948265878
-0.37695405681736693  0.21303557471116458  -1.2487804651812966
-1.048587772287258  -0.3487133393764438  0.8440237076042665
0.47707923630084625  0.08405440055399492  0.5159269475857816
-0.03555074697401049  0.019226949735430206  1.4976716307934759
-0.3803043176440939  0.21695080506045544  1.2565726036626232
0.38238661672185553  0.024883470019549356  -0.9693342233685679
0.5442248911458311  -0.23815689749743876  -0.40798813363803166
0.43673029759296533  0.2493676921096583  -1.2632647545103703
-1.082602120769924  0.3221667511598843  0.8477132108924191
-0.04968805567927987  0.02356458827148293  -1.4983169106047955
-0.08671806542087508  -0.03746214124311345  1.4955152763768182
0.5957173193321657  0.10458696319778521  1.3640798715268656
1.4140685229464753  -0.16092821755256145  -0.4137355399031271
0.008289294025809536  0.004301485775934349  1.4998638144356975
0.04835628131760442  -0.016491660275839773  -1.493846448179601
-0.5755299435764414  -0.29287788194805847  -0.474687062872015
-0.01121182412193374  0.006422638758486622  1.4998526321139576
-0.3683402485147489  -0.12523021103453782  1.4343284958232272
0.7050701559616369  -0.4065081828614615  0.6039786005896096
-0.10018214315022819  0.017252697329944822  -1.4963385228087
0.208815832130961  0.09532530071539083  -1.397304407919852
1.2728772234221102  0.164251302345053  0.7394420018575509
-1.1125272383792584  -0.4189675232535592  0.5836865793019972
-0.6982918686971638  0.13287247673522606  -1.3062843760462732
-0.5124291061464016  0.29563105225052794  1.113452407723872
1.1731875380163144  -0.4678884066846962  0.0759376125250986
-0.0627071473699996  -0.016194280916342087  1.4889789609392994
0.6213766330871293  -0.32724138202924224  -0.08817286445765918
0.11252208177256326  -0.019200091838447612  1.4626747260649047
-0.5385967526986664  0.27388237087707623  1.254625142393131
-0.5346377586122124  0.29504077077994173  -1.1907953700313871
0.568318382658615  0.2672682366190613  1.264444802418388
-0.9997792780918485  -0.11434149900579957  1.1001974648749815
0.42514950006353563  -0.05001897569311164  0.8036836211770175
-0.5010694635521535  0.03541702075635842  -0.041015080770707014
-1.449167278937364  0.20580419117896467  0.13741592643479736
0.38654522014083054  -0.017179580881708355  0.9528399699096421
-1.1833895840956006  -0.12346363226947821  -0.8961585786524423
0.9340341613383188  0.42112115455322574  -0.7744060643421145
-0.27241590515665304  -0.12106150720099504  -1.3165933994723762
-0.4935754007387376  0.28474620263247724  1.1121606679799996
-0.6958720108426165  -0.39647895009961376  0.7832477874635599
1.2862017734338007  -0.3505559240431651  -0.4249738631845106
-0.23178635475327727  0.04564937862289726  1.3362698567220568
-1.2287376730640214  0.42396761450344034  0.2868851822672545
0.2119097617920665  0.10248945666428462  -1.399602117579966
-0.42591593242344006  0.048492229732765235  -1.4357580672059476
0.5147389313520851  0.1624297429589898  -0.34183659951472184
-0.0728978634217882  -0.011748049539808849  -1.4980837961522953
-0.3686580185738264  -0.11842566763216897  -1.077410796058952
0.28673157652461734  -0.15316911058675378  -1.3358693494897447
1.2897072218927492  -0.3973549931620428  -0.18382348896470604
-1.4407428482895348  -0.14259528589971138  0.33518661550523415
0.22499891691517976  -0.11649525533665114  -1.4584887388888628
-0.1578343215042638  0.03998550317118132  1.4898924102604467
0.7652058738738008  -0.38737635060468084  0.9479412899241839
-0.6214601436590697  -0.06938320326595657  -1.3598051363024435
0.9852968770123475  -0.47763333191326834  0.4353901328519988
-1.2451511461647298  -0.31002622848306793  -0.6177447515118174
0.6421782662917469  0.31016629245381916  -1.1749008974296427
-0.7354476983751109  0.334552521466814  1.1016624066444178
-0.5396512034191194  -0.19578548729268128  0.05203851219983844
0.0010268571537238747  -5.569809626120913E-4  1.4999980711908134
-1.2993522075276132  0.18473747082775713  0.6753501151769512
-1.20312367928378  -0.4248773650967425  0.3668991740248309
-0.13771574363597044  -0.06421218339900175  1.4873736188618503
0.29037530305164616  0.020728430567955453  -1.222708710087534
-0.5875254276106479  -0.33911741053241357  -0.9491961051983375
0.2622258715375234  0.016336247529037732  1.4766286889749325
0.5006077760029564  -0.062496956520938125  0.17308972723133464
0.4981817781915659  0.04888154764622724  0.19479202976895646
0.5722575530316845  -0.21593169763357228  1.3205784017835263
-0.9823892369914863  0.4973935213657475  0.14812239417317963
-1.0248253869699875  0.44608921268334417  -0.5962810351910361
-0.11132534533659627  -0.06376574489198306  1.4854130018215062
0.20690895943582593  -0.11901038512002574  1.4468102445340325
0.08547605583045823  -0.04558357235242683  1.4936198337004918
-0.7135600375343165  -0.14658990329382204  1.293060117758214
0.2708735399756048  -0.09636808998446633  -1.4636071378118087
0.7520097918546719  -0.4341093745488166  -0.1627914471766382
1.3859270506028423  3.224271376926401E-4  0.5737646717335466
