1.2591055461492675  0.42349025307099425  -0.1244666107038925
-0.3791877536818269  0.2164898841218559  -1.2594278299516606
-0.8116629915207247  0.18368586497701866  1.2171868498502652
-0.21591099152896223  -0.1060653886988607  1.46582093439057
0.5910507575756221  0.2422132371336329  -1.289809968106189
-0.890031673526572  0.31208322391098253  -1.0481967877102485
-1.1279353820757758  -0.14889804370832876  0.9536583780800207
0.2844702751828622  -0.043535852108224554  1.240546414971337
0.031027750872483467  -0.016343394680701173  1.4991879363014158
-1.1262404845713834  -0.013438700399167771  0.9904748654913924
1.3699640071292913  0.20648364243920778  0.49069183296633256
0.20047045024137394  -0.06069125888899605  -1.3868049385883514
-0.29569269586890057  0.160705274633653  1.331275105617292
0.60335585061428  -0.02742283797037584  1.3724790231720676
-1.0358422824525297  0.37577205883550696  -0.8047370591037659
-0.8632084613369686  -0.15609296104204187  1.1949909941524712
-1.2460231549453809  -0.38166897916220555  0.4339903170488283
0.13478775461367357  0.032453699266173044  -1.4478505305708658
-1.4293863495402916  -0.2386855005736204  -0.16875489964089796
-0.8096646232365853  0.4421498616122782  -0.6401923712156223
0.44261026744022164  0.20511278160873211  -1.3653099055233062
-0.33643523791439356  0.10350967876046097  1.154593565807048
0.30557544253425506  -0.023393935334632816  1.467980673548524
0.1891059572632821  0.0736062187158557  -1.4809109663460995
0.6322211041504001  0.35233976432776426  -0.45417412796649187
1.1937261766072256  0.12979653998113796  0.8795247745388335
0.008017871474472298  0.00292152832254835  1.4998348945673516
0.23396166271880756  -0.09305656501889888  1.4700323033190155
-0.275113564874591  0.13162648657793122  -1.4467172776343213
-0.5065640929964383  -0.07336975698631693  1.4059582616988646
0.8621269684022196  0.3381667722640513  -1.028741310250094
-0.4966621512417417  -0.2391560102890807  -0.8023967504063567
0.2857381656587189  0.07180800260814216  1.4667178618829206
0.08065380175615508  0.016219203448302317  1.4811729331847894
-0.2633376014860464  -0.0030902580471560614  1.27513360945607
0.4844973021326289  0.27042251087961405  1.0274087968099481
-0.20563789431140483  0.11815000912666392  1.4365984826148104
0.005421858721441635  -0.002850218583831869  1.4999429226789815
-0.04126212141567731  -9.581067570848844E-4  1.4948863501860454
0.07807397085782435  0.03774127522825999  -1.4957028523062434
0.559368650274822  -0.25030995160520586  -1.2900921975849338
1.443310954670388  -0.1505735012469739  -0.31258186836123625
0.4297726084903922  0.19832176100870497  -1.000230392434776
0.6040498923609332  0.31441857527572903  -0.3012367774373911
-0.9966733313378624  -0.01872485328854776  -1.1205310584756487
-1.3143918784884026  0.32859829990143075  -0.40600886297873945
-0.9032494043648256  -0.41600265968882955  0.8110691033437494
-0.9896317764071475  -0.46964261859594514  -0.4959646274454923
0.0984889755992125  -0.005445588631566549  1.470702755463966
0.47762462560484703  0.08857745512015947  -0.5184278756779477
0.5789335670587545  0.32424600342481324  1.1023112854825148
0.293571739358544  -0.08237034334530205  1.240218677207459
1.0547579912488902  -0.2555419774694526  0.9605322526982307
-0.5109669482036432  -0.10633862725293926  0.06592425823785546
-0.01418633621276731  -0.007134858536905609  -1.4995836541592502
0.10653289671138895  0.0609913781919438  -1.4867004739007106
0.5955877045578682  -0.3304212322028007  0.6411511902920359
-0.2573268782284664  -0.07161992535430975  1.4718568881419662
-0.6599709555936591  0.36555919390006403  0.982126438198784
0.6201538324186997  -0.3578158614484843  -0.8753790566776833
0.3323532543863951  -0.14566385452142463  -1.4314228007287755
0.4810585552919092  0.23000799182597065  -0.8560209070739982
0.6517825597386534  0.3419172675267692  -1.0891769804290021
0.05855110055944954  0.02943852244858972  -1.4928891664242527
-0.7313827282253136  -0.39010665184382043  -0.9224661319987462
1.2490705716181796  -0.38505177296042864  0.4129961082187429
-0.38663979326240483  -0.22237051782450457  -1.3050718538645512
0.3578615847397703  0.052157214042205115  1.0593242286123563
-0.5211006717282238  -0.19603382548532358  -0.4284907184910818
-1.1927198361119442  0.0878625767946417  0.896699407635622
1.120829282484025  0.37875709460528106  0.6880727368484434
0.4412319543602674  0.2111578565932392  1.3586624037029527
-0.997579809676252  -0.497063447538574  -0.16200470332246425
-0.8853647934238726  -0.4518272729848871  0.6398335323345501
1.0236630991055535  -0.26305403439703057  0.9857123651560962
0.4651820927907459  -0.10676805772411015  0.6387369636003898
0.4528595469077485  -0.21603108007464572  -1.3515503537611409
-0.7812856400201278  0.4489411331920775  0.1996197139561834
-0.34901732899679194  0.09587869609115277  -1.1135310602772908
-0.49053149084826003  0.11202503871983358  0.44783625623171913
-0.4002139042491305  -0.15574085150591077  -1.4125132115919596
-0.4235595363778896  0.1224391152757077  -1.4209661553956636
0.4034791542844889  0.21123539580759992  1.1381369335690803
-0.22195263248875274  0.029691044795935612  -1.3470858343378134
-0.3804811251808328  -0.15477861035759963  1.417374313374145
-0.36560664632647477  0.20915179530702296  1.2809101460648973
0.3224303846654203  0.18605229725726857  -1.3491515950414863
0.798506467860815  0.4475476706799556  0.524264351208082
-0.5007833829440397  0.07981547941241406  -1.406892714234469
0.3255921941903725  0.04054596420630897  -1.1449108077700991
-0.26316644979463755  0.10827096711477906  1.3208064543034446
-0.1806137920930388  0.10414466185864397  -1.4535643575385986
0.21333585073280048  0.061786247794006266  1.4803304400921748
-1.258958157587984  -0.17460010120865782  0.7555469674049067
-0.12428332559602372  -0.010300360433935809  -1.4532519001468118
-0.5677108554542774  -0.2536129909165772  -0.12168381081250468
1.281420059828804  0.3340152120722994  -0.48493207071731054
0.9975608259806725  -0.22996375487155626  1.0404107820579145
0.41241594071188004  -0.16333460596110963  0.9922484870805941
-0.35128874230157686  -0.044691324531577745  -1.0758675197442908
